reactionid	compid
1	916
1	133
2	926
2	948
2	1320
2	1059
3	3920
3	525
4	926
4	465
5	806
5	839
6	828
6	1310
7	340
7	1676
8	1192
8	1676
9	1484
9	1676
10	3838
10	826
10	1676
11	926
11	1059
11	1320
11	364
12	522
12	832
12	1676
13	522
13	3778
13	984
14	914
14	1506
14	1676
15	1993
15	1113
16	1320
16	522
17	856
18	1506
19	804
19	926
20	1275
20	3761
20	1059
21	1310
21	1320
22	889
22	167
23	3935
23	2308
24	1499
25	1712
25	522
26	926
26	614
26	1059
26	1320
27	1681
27	522
28	567
28	636
29	3920
29	2309
30	3253
30	1014
31	860
31	839
32	1372
34	1555
35	1321
35	3770
35	926
36	1394
36	1320
36	926
37	777
37	1059
37	1320
37	926
38	737
38	839
39	2232
39	3253
39	678
40	1387
40	522
41	484
41	522
41	1059
42	88
43	1382
43	839
44	553
45	3604
45	522
46	567
46	3757
46	522
47	1647
47	1189
48	1672
48	522
50	866
50	1309
50	522
51	499
51	3757
51	522
52	802
52	522
53	216
53	1388
53	522
55	826
55	1309
56	120
57	2764
57	839
58	617
58	1507
58	1059
59	1648
59	1321
60	688
60	522
61	4820
61	3757
62	1806
62	1310
62	1642
62	1036
62	522
63	326
64	3253
64	777
65	37
65	1310
65	522
66	522
66	1310
66	866
67	926
67	312
68	2233
69	522
69	1506
69	1676
70	3253
70	586
71	360
71	522
72	1704
72	1676
73	2566
73	1059
73	926
74	1715
74	522
75	926
75	450
75	1710
76	1310
76	1232
77	1507
77	522
77	1388
78	926
78	488
79	1059
79	1507
79	880
80	1192
81	805
81	522
82	988
83	1666
83	1676
84	617
84	1059
84	3779
85	429
85	3757
86	25
86	1676
87	493
88	1305
88	3757
89	1118
89	62
90	835
90	522
91	825
91	3757
92	1722
92	522
93	1531
94	342
94	1219
94	522
95	1291
95	3757
96	1309
96	1642
96	416
97	1405
97	522
98	918
98	522
98	1676
99	3927
99	3920
99	1388
100	785
101	282
101	1320
101	926
101	1059
102	379
102	1310
102	522
103	914
103	216
105	1499
105	1676
106	926
106	1321
106	1645
107	3408
107	1676
108	199
109	984
109	41
110	522
110	1310
110	826
111	3757
111	1009
112	1269
112	1059
112	3761
113	1215
114	259
114	522
115	2921
116	274
116	528
117	926
117	818
117	522
118	1103
118	522
119	1184
120	3920
120	1263
121	926
121	498
121	1059
122	1199
123	1676
123	43
123	832
123	522
124	68
124	522
124	1059
125	181
125	926
126	926
126	81
127	192
127	342
128	2239
128	1136
129	926
129	775
129	1320
129	1059
130	1710
130	2329
131	1648
131	1059
131	522
132	522
132	1716
133	722
133	1310
133	522
134	2545
134	1388
135	1310
135	1554
136	126
137	926
137	582
137	1320
137	1059
138	138
139	6
140	522
140	1713
141	1058
141	3778
141	522
142	374
142	1321
142	926
143	1206
144	1334
144	1676
145	533
145	1310
145	522
146	139
146	478
147	2870
147	1507
147	1059
148	926
148	1005
149	274
149	1642
149	522
149	1310
150	1229
150	1309
151	3935
151	1394
152	1212
152	1310
153	60
153	1310
153	522
154	3241
154	522
155	926
155	864
155	1321
156	847
156	92
157	1112
157	522
158	926
158	1140
159	852
159	1507
160	522
160	1747
161	1473
161	1310
162	2566
162	1059
162	926
163	274
163	1320
163	926
164	594
164	839
165	1219
165	1676
166	780
166	1059
166	1507
167	1251
168	763
168	839
169	902
169	911
170	942
171	505
172	921
172	522
172	1676
173	1424
173	1394
173	3761
173	926
174	889
174	522
175	2962
175	522
176	835
176	1466
177	847
177	1405
178	853
178	1507
179	1672
179	916
180	714
180	714
180	1642
180	1676
181	632
181	1320
181	1059
182	1059
182	522
182	836
183	1642
183	571
183	1676
184	3343
184	401
185	392
185	522
186	162
186	1310
187	3727
187	2330
188	216
188	1676
189	605
189	1320
189	926
189	1059
190	1498
190	1676
191	1191
192	1855
192	829
193	358
194	1193
194	1676
195	926
195	578
195	1320
195	1059
196	203
197	839
197	432
198	467
198	1642
198	1676
199	903
199	1324
200	530
200	52
202	181
202	522
203	47
204	38
204	1676
205	168
205	522
206	3284
206	460
206	1117
207	544
208	303
208	522
209	522
209	859
210	926
210	15
210	1320
211	322
211	1405
212	926
212	968
212	1059
213	722
213	1059
213	522
214	728
215	522
215	976
216	474
216	1145
217	4275
217	1310
217	522
218	1721
218	1676
219	983
219	983
219	41
220	1071
221	561
222	1954
222	1857
223	522
223	1053
224	2232
224	522
224	678
225	1310
225	1542
226	926
226	3770
226	1321
227	1714
227	914
228	255
228	1642
229	1123
229	3604
230	1661
230	1309
230	522
232	764
232	3801
233	1346
233	826
233	1676
234	926
234	575
234	1059
235	1180
236	179
236	1107
237	1670
237	914
238	1520
238	1320
238	1059
239	461
239	78
241	335
241	522
242	2047
242	1059
243	527
243	3757
244	502
245	385
245	1388
245	522
246	299
246	522
246	1676
247	1092
248	1309
248	7
249	2237
249	391
250	1366
250	522
251	336
252	1537
252	1310
253	926
253	1209
253	1320
254	1917
254	478
255	926
255	1004
255	1320
255	1059
256	1533
256	1388
256	522
257	1207
257	3770
258	1550
258	832
259	1279
259	3761
259	1059
260	2063
260	1136
261	1718
261	835
261	1676
262	1542
262	1421
263	1485
263	1676
264	2438
264	1117
265	829
265	1388
266	1242
266	522
267	1398
268	4264
268	824
268	1059
269	3694
269	1237
270	1730
271	1310
271	1543
272	1388
272	522
272	1508
273	853
274	1486
274	1676
275	1192
276	926
276	556
276	1321
276	1059
277	1714
277	1676
278	1207
278	1676
279	433
279	522
281	1508
281	833
282	2454
282	522
283	64
283	3757
283	522
284	289
284	522
284	1059
285	356
285	833
286	1642
286	693
286	1676
287	1742
288	4840
289	2330
289	522
290	1520
290	1642
290	1676
291	926
291	1283
291	1320
292	1380
292	1642
293	1239
293	914
294	1059
294	58
295	1310
295	1233
296	1369
296	926
297	277
298	12
298	522
299	1719
299	1676
300	3263
300	1309
301	1690
301	522
302	926
302	230
302	1320
303	926
303	21
303	522
304	537
304	839
305	1415
306	1175
306	522
307	616
307	1507
307	1059
308	2232
308	2220
308	2330
309	1207
309	1665
310	1136
311	4394
311	522
313	522
313	1310
313	407
314	1738
315	483
315	1144
316	1855
316	2327
317	417
318	799
318	839
319	3345
320	830
320	1507
321	1310
321	3956
322	822
322	1059
323	1433
323	522
323	1388
324	1457
324	522
325	896
325	1059
325	522
326	1307
326	1406
328	809
328	178
329	1739
330	945
331	522
331	3278
332	721
332	1548
333	325
334	3702
334	1113
335	3329
335	1178
336	109
337	209
338	926
338	995
338	1059
338	1320
339	873
340	597
340	1309
341	1358
341	839
342	83
343	838
343	1388
344	224
344	1423
345	1470
345	1059
345	1320
345	926
346	1139
346	3761
346	926
347	767
347	3801
348	839
348	2893
349	1678
349	914
350	753
350	1642
350	1676
351	3932
351	1320
352	3920
352	2469
353	1673
353	1676
354	1388
354	1394
354	1320
354	926
355	1502
356	1663
356	522
357	657
357	522
358	1739
359	1662
360	462
361	2522
361	522
362	926
362	873
362	1507
363	1310
363	1540
364	1270
364	1059
364	1320
365	333
366	176
366	926
367	3581
367	914
368	926
368	18
369	612
369	1059
369	1507
370	1309
370	1130
371	45
371	1676
372	943
373	1400
373	838
374	926
374	1000
374	1059
374	1320
375	579
376	1486
376	522
377	3343
377	1676
378	630
378	1507
378	1059
379	821
379	1507
380	756
381	1682
381	1676
382	1640
382	274
383	522
383	1707
385	922
385	926
385	522
385	1676
386	702
386	938
387	140
387	1
388	1333
388	1710
389	2790
389	835
390	926
390	513
390	1320
390	1059
391	1552
391	2571
392	926
392	1059
392	1320
392	286
393	1855
393	1474
394	926
394	906
395	926
395	1096
395	1059
396	1663
396	522
397	824
398	407
398	1309
398	522
399	1223
400	1127
400	1177
401	3343
401	1189
403	3253
404	839
404	2897
405	1174
405	1676
406	3838
406	1665
406	914
407	170
408	1535
408	522
409	822
410	926
410	1003
410	1059
411	1547
411	1309
412	854
412	1074
413	838
413	1405
414	926
414	17
415	926
415	1039
415	1059
416	558
417	548
417	1642
418	1442
418	1309
419	1367
419	3778
420	2464
420	522
421	830
421	1059
422	972
422	4302
423	141
423	1309
423	522
424	3778
424	3746
425	199
425	1346
426	1185
427	515
427	811
428	1360
428	1422
429	926
429	1331
429	1194
430	1311
430	522
430	235
431	959
431	1507
431	1059
432	1727
432	1676
433	694
433	1059
434	595
434	567
435	838
435	1346
435	1310
436	48
436	1059
436	522
437	145
438	3425
438	1676
439	1191
440	3581
440	1206
441	1554
441	1642
441	1676
442	1443
442	1059
442	1320
442	926
443	522
443	1693
445	853
446	1310
446	522
446	486
447	1285
447	1320
447	1059
448	894
448	1058
449	1385
449	522
450	1064
451	1814
451	303
452	294
452	3761
453	826
453	1676
453	1320
454	3076
454	974
454	522
454	1059
455	1717
455	1663
456	1276
456	3761
456	1059
457	926
457	1510
458	699
458	522
458	1310
459	357
459	839
460	522
460	1310
462	1493
462	1676
463	1666
463	522
464	140
464	522
464	1059
465	1445
465	1320
465	926
465	1059
466	1059
466	232
467	1549
467	3757
467	522
468	1161
468	1676
469	293
469	522
470	1471
470	1310
471	926
471	1422
471	1394
472	3935
472	972
473	1309
473	1116
474	470
474	1310
475	1310
475	1010
476	1160
477	3253
477	1179
478	3617
478	522
479	3619
479	522
480	1310
480	1969
481	3253
481	516
482	522
482	1243
483	522
483	1676
484	1419
484	3779
484	1059
485	1229
485	522
486	1488
486	1676
487	817
487	1507
488	175
488	522
489	1372
490	1264
491	1405
491	543
492	826
492	1676
493	3284
493	460
493	1113
494	522
494	1388
495	1387
496	926
496	263
497	1397
498	1309
498	1346
499	393
499	1710
500	3920
500	522
501	1420
501	3778
502	3263
502	62
503	995
503	1320
504	1643
504	471
505	1130
506	926
506	824
506	1059
507	813
509	1114
509	836
509	1676
510	395
511	766
511	302
512	350
512	522
513	1807
514	981
514	1059
514	522
515	1098
516	776
516	522
517	1676
517	1487
518	3581
519	3956
520	463
520	1310
520	1642
521	446
521	1131
522	766
522	522
523	473
523	522
524	116
524	522
525	1193
526	113
526	1676
527	625
527	1507
527	1059
528	3604
528	522
529	2232
529	2220
529	1688
530	926
530	992
530	1059
531	1235
531	1310
532	926
532	1098
532	1320
533	1676
533	157
533	1642
534	2328
536	917
536	522
536	1676
537	1507
537	884
538	900
538	1676
539	638
539	522
539	1059
540	734
540	3778
541	1446
541	1320
541	522
542	1059
542	1507
543	954
543	1676
544	999
545	1676
545	1249
546	3597
546	2327
547	567
547	648
548	1460
548	832
549	1680
549	914
550	1059
550	522
550	865
551	1530
551	1388
552	648
552	2790
553	829
554	2469
554	1688
555	926
555	79
555	1710
556	595
556	522
557	193
558	619
558	1507
558	1059
559	580
559	1059
559	3761
560	914
560	1189
561	522
561	4004
562	3920
562	4024
563	4121
563	1074
564	1507
564	836
565	127
566	661
566	522
567	804
567	522
568	522
568	976
569	1939
569	1117
570	3
570	522
571	3253
571	1323
572	3253
572	142
573	1648
573	1310
573	522
574	926
574	1299
574	1320
575	1258
575	1320
575	926
575	1059
576	1642
576	1530
576	1676
577	1043
577	342
577	1043
578	691
578	1552
579	1676
579	829
579	708
580	2451
580	522
581	926
581	836
582	3800
582	839
582	3802
583	3253
583	1939
584	1111
584	1310
584	522
585	896
585	1059
585	522
586	2454
586	1676
587	3757
587	1046
587	522
588	522
588	3778
588	876
589	507
589	3761
589	926
589	1059
590	1310
590	1230
591	1429
592	1326
592	522
593	2051
593	522
594	94
594	94
594	1058
595	643
595	1119
595	642
596	522
596	252
597	926
597	1161
597	1708
598	703
598	839
599	543
599	1388
600	1862
600	1309
601	1353
601	1309
602	531
602	1059
602	522
604	3253
604	3604
605	380
606	3253
606	1017
607	1741
607	1059
608	1512
608	1309
609	4770
609	522
610	1228
610	1310
611	1669
611	522
612	15
612	1309
613	1140
613	826
613	522
614	3253
614	935
615	1535
616	3831
617	149
617	522
617	1676
618	926
618	827
619	826
619	889
620	843
620	522
621	926
621	137
621	522
622	1422
622	522
623	1712
623	522
624	816
624	835
624	819
624	1676
624	522
625	275
625	835
625	1710
626	1059
626	827
627	456
627	1310
627	522
628	522
628	1671
629	534
629	1310
630	2865
630	1059
630	1507
631	1174
631	916
632	823
633	627
633	1059
633	1320
634	795
634	938
635	845
635	1059
636	1368
637	1059
637	1507
637	956
638	696
638	3778
639	926
639	49
640	1299
640	3779
641	997
642	1507
642	822
643	926
643	788
643	1059
644	522
644	1676
645	31
645	522
646	926
646	60
646	522
647	3851
647	1676
647	4376
648	1970
648	1136
649	1117
649	342
650	1136
651	1411
651	1676
652	875
652	522
652	3778
653	1507
653	303
653	3761
654	4053
654	3935
655	3604
655	522
656	522
656	382
657	189
657	1642
658	926
658	715
658	1724
659	297
660	383
660	3757
661	28
661	28
661	1642
661	1676
661	522
662	926
662	989
663	916
663	522
664	1437
664	303
664	1320
665	947
665	36
666	3253
666	935
667	1507
667	1388
668	522
668	1691
669	342
669	1168
669	522
670	1179
670	1709
671	522
671	1888
672	1059
672	1012
673	2233
673	3732
674	1983
674	4024
675	787
675	785
676	563
677	742
677	839
678	1148
678	1059
679	3616
680	926
680	1277
680	1320
681	2925
681	522
682	731
682	3778
683	926
683	745
683	1059
684	820
684	1507
685	993
685	1320
686	4124
687	522
687	1107
688	704
688	1059
689	266
690	1725
691	630
691	1059
691	1320
692	922
693	522
693	313
694	655
694	567
695	971
695	648
696	3977
696	1320
697	389
697	1059
697	3761
697	926
698	1041
698	1309
699	1106
699	522
700	926
700	513
700	1320
700	1059
701	827
701	1676
702	926
702	1302
702	1320
703	702
703	522
703	1059
704	892
704	1676
705	1676
705	522
705	921
706	978
706	1310
706	522
707	1723
707	522
708	1309
708	1251
709	1059
709	522
709	3072
710	479
710	1388
710	522
711	220
711	1059
711	522
712	36
712	1074
713	1062
714	372
714	522
715	1642
715	1548
715	1676
716	1085
716	1469
716	1085
717	546
718	1256
718	1676
718	1642
719	926
719	577
720	362
720	61
721	390
721	522
721	3757
722	1221
722	1676
723	1728
724	2511
725	653
725	693
726	2230
727	399
727	1117
729	1186
729	1709
730	2349
730	839
731	92
731	1676
732	1388
733	1310
733	1467
734	2330
734	522
735	599
735	1309
736	671
736	1676
737	627
737	1059
737	1507
738	482
738	478
739	522
740	2240
740	926
740	391
741	478
742	677
742	517
744	1040
744	525
745	660
745	567
746	948
746	1112
747	1252
748	926
748	355
749	2304
749	522
750	1089
751	1282
751	1320
751	926
752	1168
752	1189
753	1309
753	1228
754	916
754	497
755	926
755	885
757	830
758	1506
758	819
759	3253
759	1025
760	1425
760	1051
760	1360
761	897
761	522
762	977
762	522
762	1059
763	3829
763	1059
763	3761
763	926
764	897
764	522
765	1309
765	3954
766	522
766	1310
766	1645
767	1678
767	522
768	1215
769	1718
769	1676
770	206
770	1310
770	522
771	1153
771	1156
772	3074
772	522
772	1059
773	819
773	1507
774	3253
774	2233
775	700
775	1321
776	363
776	3757
777	442
779	616
779	1059
779	1507
780	1092
780	1320
781	1292
781	3757
782	1683
783	926
783	1651
783	1320
784	522
784	349
785	1502
785	522
786	831
786	1059
786	522
787	1225
787	1676
788	3798
788	3778
788	1112
789	689
789	522
789	1059
790	227
790	1663
790	1642
791	3252
791	643
792	3920
792	3778
793	1664
793	522
794	1357
794	839
795	1660
795	1309
795	522
796	2327
797	1188
797	522
797	342
798	3253
798	586
799	926
799	746
799	1059
800	926
800	538
801	1507
801	349
802	450
802	839
803	1237
803	522
804	363
805	926
805	589
805	1320
805	1059
806	1717
806	1676
807	1386
807	522
808	153
808	1710
809	842
809	522
810	1333
810	1676
811	1538
811	1405
812	828
813	1676
813	1679
814	1433
814	1320
815	1309
815	160
816	583
816	1112
817	1041
817	1310
818	585
819	1434
820	932
820	522
821	1367
821	1306
822	1159
822	522
823	847
823	1676
824	1645
824	1309
825	639
826	1353
826	479
826	522
827	274
827	346
828	522
828	421
829	47
829	3778
830	103
830	1388
831	522
831	526
832	741
832	839
833	1448
833	522
834	3064
834	1710
835	2542
835	522
836	1373
837	1054
837	522
838	522
838	1676
839	3343
840	914
840	1388
841	1310
841	1474
842	1741
842	3778
843	1549
843	1310
843	522
844	522
844	1310
844	141
845	1178
845	1309
846	1161
846	1663
847	1150
847	522
848	546
848	926
849	1059
849	710
850	1231
850	1310
851	117
851	1112
852	95
853	1059
853	281
854	926
854	1173
854	371
855	926
855	568
856	542
856	3778
857	926
857	89
858	1309
858	1969
859	800
859	839
860	276
860	1676
861	1263
861	1309
862	1181
863	1676
863	251
864	1714
864	522
865	3253
865	1018
866	233
866	2919
867	1815
867	838
868	636
868	567
869	228
869	1310
870	1494
870	1676
871	739
871	839
873	1659
874	1713
874	914
875	1381
876	522
876	560
877	1263
877	1320
877	926
877	1059
878	967
878	302
878	595
879	156
879	342
879	522
880	97
880	522
880	1052
881	2462
881	522
882	822
882	1506
883	1101
883	522
884	431
884	302
885	3831
885	826
885	1676
886	523
886	826
887	1310
887	1234
888	1211
888	1676
889	131
890	803
890	522
891	914
891	1721
892	879
893	1554
894	370
894	1309
895	926
895	829
897	522
897	1720
898	3448
898	1320
899	1728
899	522
900	522
900	383
900	1405
901	3168
901	1058
902	826
902	1388
903	656
903	567
904	1148
904	303
904	522
905	1404
906	1537
906	1309
907	972
907	1310
908	3792
909	1487
909	1676
910	839
911	346
911	1676
912	807
912	1418
913	1161
913	1676
914	1002
914	1059
914	3779
915	841
915	1507
916	926
916	406
917	926
917	719
918	412
919	1675
919	1676
920	1305
920	1059
921	1676
921	1548
922	3973
922	522
923	186
923	1405
924	522
924	1717
925	1244
925	3778
926	1007
927	756
927	3801
928	3920
928	838
929	3253
929	664
930	774
930	302
931	2521
931	704
931	1059
932	926
932	574
932	1059
933	926
933	281
933	606
934	738
934	839
935	922
935	927
935	522
935	1676
936	926
936	1335
936	36
937	3927
937	3935
937	522
938	29
938	826
939	926
939	844
939	1320
940	439
940	1642
940	1310
941	522
941	487
942	766
942	3801
943	3778
943	1249
944	1815
944	826
945	104
945	267
946	3396
946	1676
947	651
947	567
948	823
949	1321
949	1676
950	1506
950	1086
951	1273
951	3761
951	1059
952	692
952	522
953	305
953	839
954	354
954	1676
955	522
955	1676
956	815
956	926
957	1796
957	1917
957	478
958	3585
959	926
959	1169
960	1528
960	1676
961	607
962	758
963	709
963	1507
964	555
965	1283
965	1059
965	1320
965	926
966	1406
966	1320
966	926
967	1108
967	1676
968	1388
968	1394
968	1321
968	1320
968	926
969	239
969	1642
970	1446
970	1059
970	1320
970	926
971	926
971	501
971	1321
971	1059
972	1099
972	1074
973	1161
974	926
974	620
974	1059
974	1320
975	1401
976	2682
977	481
978	522
978	539
979	522
979	1663
980	1059
980	522
980	1343
981	258
981	1676
981	1642
981	1320
982	1422
983	3921
983	522
984	1332
984	522
985	926
985	748
985	1059
986	3347
986	1689
987	926
987	1735
988	1213
988	1310
988	522
989	453
989	1388
990	714
990	1321
990	926
990	1059
991	1676
991	1389
991	904
994	1059
994	836
995	658
995	567
996	1250
997	1674
997	522
998	4069
998	1642
998	1676
999	835
999	848
1000	894
1000	835
1001	522
1001	4366
1002	1059
1002	3169
1003	926
1003	85
1003	1321
1005	140
1005	522
1005	1059
1006	771
1006	302
1007	522
1007	2294
1008	1404
1008	3778
1009	1458
1009	522
1010	1483
1010	1676
1011	926
1011	1077
1011	125
1012	149
1012	839
1013	924
1013	1740
1014	1827
1014	522
1015	246
1015	1676
1016	480
1016	3778
1017	1967
1018	522
1018	2464
1019	171
1019	1642
1020	3778
1020	375
1021	181
1021	1310
1021	522
1022	3954
1023	2023
1023	1117
1024	1676
1024	1506
1025	522
1025	827
1026	415
1026	1310
1027	1161
1028	2438
1028	1676
1029	979
1030	567
1031	833
1031	1116
1031	1676
1032	3263
1032	62
1033	3757
1033	522
1033	4275
1034	9
1035	92
1035	522
1035	303
1035	1676
1036	1506
1036	851
1037	769
1037	3801
1038	629
1038	1059
1038	1507
1039	853
1039	167
1040	1309
1040	1233
1041	926
1041	725
1042	824
1042	1507
1043	1310
1043	352
1044	833
1045	1069
1045	522
1046	726
1047	926
1047	1378
1047	1320
1048	36
1049	767
1049	3801
1050	1377
1051	665
1051	1145
1052	1309
1052	522
1053	819
1053	1059
1053	1320
1054	1702
1054	1676
1055	1467
1055	3778
1056	1059
1056	822
1057	2452
1057	1676
1058	712
1059	1160
1059	1309
1059	522
1060	1443
1060	1320
1061	1506
1061	1505
1062	1059
1062	3761
1062	50
1063	729
1063	3778
1064	1079
1064	1346
1065	926
1065	332
1065	1059
1065	1320
1066	809
1066	409
1067	1344
1067	1320
1067	926
1067	1059
1068	1143
1069	90
1069	522
1070	3604
1071	1331
1071	522
1071	1309
1072	926
1072	887
1072	1320
1072	1059
1073	1439
1073	522
1074	914
1074	1420
1075	221
1075	1320
1075	1059
1076	1126
1077	1059
1079	1856
1079	1117
1080	522
1080	1310
1080	1216
1081	883
1082	595
1082	522
1083	519
1084	198
1084	1059
1085	3922
1086	522
1086	1244
1087	375
1087	1309
1088	1541
1088	1388
1089	1405
1089	227
1090	108
1090	1310
1091	1676
1091	285
1091	830
1092	1537
1093	602
1094	897
1094	522
1095	926
1095	159
1095	1507
1096	3757
1096	1138
1097	1325
1097	522
1098	650
1098	567
1099	1676
1100	1059
1100	264
1101	490
1102	75
1102	522
1103	55
1103	1676
1104	783
1104	785
1105	862
1106	3729
1106	1310
1107	1310
1107	1250
1109	1310
1109	1252
1110	1254
1110	1320
1110	926
1110	1059
1111	522
1111	1309
1112	3253
1112	1177
1113	420
1114	926
1114	646
1114	281
1115	980
1115	1388
1116	790
1117	1361
1118	834
1118	522
1119	1419
1119	522
1120	1310
1120	1642
1120	1648
1121	669
1121	1113
1122	1142
1122	1676
1123	914
1123	1719
1124	423
1125	1676
1125	1709
1125	832
1125	522
1126	558
1126	1507
1126	1059
1127	761
1127	1320
1127	926
1127	1059
1128	926
1128	1511
1128	1059
1129	1676
1129	373
1130	439
1131	448
1131	1309
1132	387
1132	522
1133	3778
1133	1207
1134	1074
1134	318
1135	1716
1135	914
1136	926
1136	712
1136	1320
1136	1059
1137	1506
1137	836
1138	3253
1138	1015
1139	751
1139	522
1140	335
1140	914
1141	522
1141	1827
1142	1059
1142	3779
1142	1012
1143	846
1143	1322
1144	1098
1144	826
1145	1676
1145	1174
1146	4120
1146	522
1146	1310
1147	2050
1147	522
1148	801
1148	839
1149	3471
1150	2510
1150	522
1151	1507
1151	838
1152	1428
1152	3901
1153	1676
1153	292
1153	1642
1154	735
1154	839
1155	374
1155	522
1155	1055
1156	4016
1157	158
1157	1310
1158	1507
1158	382
1159	522
1159	1171
1160	1175
1161	479
1161	1642
1161	1310
1162	1749
1163	3253
1163	947
1164	1713
1164	522
1165	926
1165	1392
1165	1310
1166	3538
1166	1135
1167	3778
1167	972
1168	877
1168	839
1169	926
1169	98
1169	1665
1169	914
1170	926
1170	1059
1170	1320
1170	287
1171	140
1172	202
1172	1074
1173	522
1173	1310
1173	866
1174	1297
1175	1059
1175	1335
1175	2674
1176	301
1176	1507
1177	464
1177	1676
1178	1388
1178	2656
1179	825
1179	1306
1180	329
1180	522
1181	3253
1181	3396
1182	1479
1182	1156
1183	1477
1183	1156
1184	389
1184	1642
1184	1676
1185	926
1185	1267
1185	1320
1186	129
1187	2790
1187	636
1188	256
1188	522
1189	244
1189	3778
1190	528
1190	1657
1191	709
1191	824
1191	1059
1192	3396
1192	1676
1193	269
1193	158
1193	1676
1194	926
1194	243
1195	379
1196	1696
1196	522
1197	140
1197	1059
1197	1320
1198	317
1198	522
1199	522
1199	265
1200	499
1200	522
1200	1310
1201	309
1201	826
1202	1551
1202	3778
1204	385
1205	3757
1205	971
1206	225
1206	1320
1207	1075
1208	397
1208	833
1209	649
1209	567
1210	522
1210	435
1211	1059
1211	1469
1212	847
1213	722
1213	3757
1213	522
1214	926
1214	576
1214	1059
1215	4
1215	302
1216	1408
1216	3779
1216	1676
1216	522
1217	1676
1217	133
1218	1289
1218	3757
1219	1676
1219	2803
1220	24
1220	1310
1220	522
1221	543
1221	1420
1222	1265
1222	810
1223	1384
1223	522
1224	1067
1224	522
1225	3253
1225	1014
1226	1194
1227	619
1227	1507
1227	1059
1228	1310
1228	1360
1229	621
1229	1320
1229	1059
1230	595
1230	567
1231	924
1231	926
1231	1059
1232	1164
1232	1117
1233	926
1233	1035
1233	1059
1234	922
1235	495
1236	258
1236	1676
1236	1642
1237	1177
1237	1123
1238	1310
1238	1539
1239	1428
1241	280
1241	2469
1242	1558
1243	472
1243	1310
1244	721
1244	829
1245	522
1245	1059
1245	552
1246	1379
1246	1642
1247	764
1248	985
1248	522
1248	1059
1249	936
1250	1059
1250	522
1250	2800
1251	934
1251	1112
1252	630
1252	1059
1252	1507
1253	872
1253	846
1254	926
1254	632
1254	1059
1254	1320
1255	1738
1255	1405
1256	115
1256	1676
1256	838
1257	841
1258	1390
1258	838
1259	633
1259	1507
1259	1059
1260	1168
1260	1310
1260	522
1261	1360
1261	1388
1262	1701
1262	1676
1263	1182
1263	522
1264	148
1265	1188
1266	617
1266	1059
1266	3779
1267	522
1267	159
1268	861
1268	1507
1270	926
1270	988
1270	1059
1270	1320
1271	926
1271	222
1272	1086
1272	1507
1273	506
1274	773
1274	839
1275	182
1275	522
1276	96
1276	648
1277	849
1278	478
1279	39
1279	1310
1279	522
1280	597
1280	1309
1281	4298
1281	926
1282	836
1282	1310
1282	522
1283	623
1283	1059
1283	1507
1284	3253
1284	590
1285	4053
1285	1309
1286	132
1286	3761
1286	926
1286	1059
1287	1326
1287	522
1288	926
1288	718
1289	522
1289	314
1289	1310
1290	194
1292	522
1292	63
1293	491
1293	1320
1293	1059
1294	1716
1294	1676
1295	836
1295	1388
1296	3779
1296	36
1297	3253
1297	1023
1298	1421
1298	914
1299	1980
1299	1857
1300	3608
1300	1911
1300	914
1301	66
1302	1061
1302	3801
1303	904
1303	1506
1303	1676
1304	1183
1305	480
1305	1676
1306	562
1306	839
1307	926
1307	1059
1307	1320
1307	693
1308	926
1308	608
1308	1059
1308	1320
1309	2326
1309	829
1310	702
1310	37
1311	2881
1311	1059
1311	1507
1312	190
1312	839
1313	769
1313	2581
1313	1642
1313	1676
1314	327
1316	1511
1316	833
1317	107
1317	1309
1317	914
1318	1481
1319	3778
1319	1543
1320	3253
1320	222
1321	926
1321	577
1321	1059
1322	926
1322	994
1322	1059
1323	3604
1323	914
1324	1483
1324	1676
1325	375
1325	1059
1326	972
1326	3757
1327	1676
1327	1696
1328	4
1328	1309
1329	641
1329	1320
1329	926
1330	1376
1331	205
1331	475
1333	1782
1333	1857
1334	926
1334	630
1334	1059
1335	926
1335	1283
1335	1320
1335	1059
1336	1076
1336	522
1337	1229
1337	1310
1338	522
1338	313
1339	668
1339	1676
1340	300
1340	522
1342	3253
1342	935
1343	3253
1343	670
1344	479
1345	77
1345	1642
1346	922
1347	98
1347	1309
1348	3839
1348	826
1348	1676
1349	926
1349	1300
1349	1320
1350	4281
1350	1310
1350	522
1351	3778
1351	1320
1353	311
1353	1642
1353	1676
1354	1206
1354	1676
1355	1853
1355	1861
1356	3284
1356	460
1356	1117
1357	1165
1357	522
1358	939
1359	522
1359	386
1360	1298
1360	3761
1360	926
1361	926
1361	274
1361	1394
1362	926
1362	722
1362	1059
1363	662
1363	567
1364	424
1365	1128
1366	435
1366	522
1366	1310
1367	1676
1367	1530
1368	860
1368	1547
1368	1676
1369	1676
1369	1700
1370	839
1370	702
1371	809
1371	1418
1372	522
1372	827
1373	926
1373	1112
1374	3138
1374	2728
1374	1060
1374	839
1375	1309
1375	1686
1376	853
1376	4065
1377	725
1378	1059
1378	522
1378	4275
1379	1893
1379	1136
1380	522
1380	1161
1381	1257
1381	1320
1381	926
1382	2329
1382	522
1383	1496
1383	522
1384	835
1384	826
1384	1676
1385	84
1385	860
1386	926
1386	527
1386	1059
1387	926
1387	522
1387	1676
1388	926
1388	1094
1388	1059
1390	791
1390	785
1391	505
1392	1479
1392	1156
1393	1076
1394	1161
1394	1709
1395	926
1395	49
1395	1320
1396	1867
1396	1117
1397	1310
1397	826
1398	595
1398	522
1399	522
1399	1309
1399	1058
1400	1178
1401	916
1401	1678
1403	522
1403	1162
1404	916
1404	115
1404	826
1405	81
1406	853
1407	1966
1407	1857
1408	3757
1408	1137
1409	594
1409	1320
1409	926
1409	1059
1410	2330
1410	522
1411	189
1411	926
1412	274
1412	807
1413	1447
1413	636
1413	522
1414	346
1414	1657
1415	926
1415	755
1416	1554
1416	1405
1417	3443
1417	1676
1418	722
1418	1320
1418	926
1419	3936
1420	1378
1420	807
1421	926
1421	158
1422	1862
1423	826
1424	1378
1424	809
1425	684
1426	774
1426	302
1427	3065
1427	522
1427	1059
1429	1931
1429	522
1430	644
1430	693
1431	351
1432	1059
1432	1341
1433	3757
1433	1041
1434	839
1434	705
1435	1663
1435	522
1439	522
1439	166
1439	1676
1440	926
1440	128
1441	1421
1441	1676
1441	904
1442	1246
1442	522
1443	522
1443	1494
1444	831
1445	948
1445	1320
1446	1207
1446	1676
1447	1349
1447	846
1448	926
1448	345
1449	395
1450	1245
1450	914
1451	419
1452	1750
1452	522
1453	3604
1454	926
1454	716
1455	930
1455	302
1456	846
1456	829
1457	1542
1457	4302
1458	1712
1458	1676
1459	4053
1459	3935
1460	647
1460	567
1461	1421
1461	1551
1462	926
1462	231
1462	1710
1463	1059
1463	926
1464	1331
1464	3778
1464	522
1465	926
1465	1507
1465	1321
1466	1690
1466	522
1467	1160
1468	522
1468	2223
1469	926
1469	1509
1470	1676
1470	158
1470	1346
1471	825
1471	3778
1472	2330
1472	522
1473	820
1473	1320
1473	1059
1475	3007
1475	522
1475	1676
1476	3723
1476	1309
1477	1160
1477	1170
1478	1310
1478	1686
1479	4840
1480	20
1480	1320
1480	1059
1480	926
1481	1391
1481	3778
1482	459
1483	259
1483	1710
1484	926
1484	383
1484	826
1484	522
1485	44
1485	1310
1485	522
1486	1406
1486	522
1487	1676
1487	1697
1488	1045
1488	1310
1489	3973
1489	1468
1490	730
1490	3778
1491	4296
1491	1642
1491	1310
1492	1332
1492	522
1493	4366
1493	1678
1494	1102
1494	522
1495	1041
1495	1676
1496	511
1497	1642
1497	4069
1497	1676
1498	926
1498	396
1498	1320
1498	1059
1499	1994
1500	2452
1500	1676
1501	1075
1501	3757
1502	2223
1503	74
1504	1059
1504	1320
1504	5
1505	2330
1505	522
1506	3253
1506	1014
1507	260
1508	793
1508	785
1509	522
1509	1663
1510	916
1511	1478
1511	1156
1512	4263
1512	1321
1513	1172
1513	1310
1515	226
1515	1676
1515	1642
1516	3401
1517	926
1517	1161
1517	1710
1518	987
1518	1059
1518	3779
1519	1412
1520	926
1520	1710
1520	681
1521	522
1521	3977
1522	1650
1522	1321
1523	1939
1523	1136
1524	926
1526	69
1528	1676
1528	837
1528	522
1529	1185
1529	1663
1530	1507
1530	860
1531	926
1531	568
1531	522
1532	522
1532	1309
1532	699
1533	1484
1533	1676
1534	1405
1534	1388
1535	4264
1535	1309
1536	525
1536	1168
1537	71
1538	990
1539	808
1539	1059
1539	522
1540	926
1540	659
1540	567
1541	223
1542	1346
1542	928
1543	906
1543	1059
1543	522
1544	1187
1544	19
1545	685
1545	522
1546	832
1546	522
1547	3253
1547	522
1547	1310
1548	477
1549	1402
1551	926
1551	218
1552	787
1552	785
1553	926
1553	73
1553	1320
1554	4788
1554	914
1555	23
1556	524
1556	522
1558	1308
1558	1676
1559	529
1559	522
1560	926
1560	1266
1560	1320
1561	926
1561	1286
1561	1059
1561	1320
1562	648
1562	2790
1563	1059
1563	3779
1563	1447
1564	1505
1565	206
1565	1309
1565	522
1566	1705
1566	1676
1567	663
1567	517
1568	707
1568	1059
1568	1320
1569	1507
1569	833
1570	645
1570	567
1571	268
1572	828
1573	51
1573	522
1574	926
1574	713
1574	1059
1574	1320
1575	194
1575	1309
1576	1396
1576	522
1577	914
1577	1174
1578	613
1578	1507
1578	1059
1579	1284
1579	1059
1579	3761
1580	405
1580	926
1581	1104
1581	522
1582	926
1582	1511
1583	2051
1583	1388
1584	797
1584	839
1585	774
1585	302
1586	551
1586	1112
1587	1521
1587	1642
1587	1676
1588	4053
1588	926
1588	1059
1588	1320
1589	3608
1589	914
1590	291
1590	522
1591	337
1591	522
1594	980
1594	1507
1595	1505
1595	1642
1595	1310
1596	1274
1596	1059
1596	3761
1597	2198
1597	1710
1598	431
1598	302
1599	1176
1599	342
1599	926
1600	646
1600	693
1601	1059
1601	522
1601	876
1602	926
1602	998
1603	1676
1603	1225
1604	636
1605	1309
1605	914
1605	851
1606	1519
1606	1642
1606	1676
1607	3937
1607	1320
1607	404
1608	1490
1608	522
1609	3951
1610	1508
1610	829
1611	603
1611	1059
1611	522
1612	975
1612	522
1613	1375
1614	1557
1615	1676
1615	408
1616	1539
1616	1676
1616	1642
1617	916
1617	1699
1618	847
1618	1388
1619	522
1619	1663
1620	3255
1620	1676
1621	163
1621	522
1622	1259
1622	1310
1623	1150
1623	522
1624	830
1624	818
1624	1676
1625	428
1625	36
1626	1553
1627	216
1627	1388
1627	914
1627	1665
1629	832
1629	830
1629	1676
1629	522
1630	1676
1630	1740
1630	925
1630	522
1631	1676
1631	2469
1632	3911
1632	1320
1633	1135
1633	1133
1634	369
1634	1321
1635	34
1635	302
1636	3228
1636	1117
1637	592
1637	1112
1640	1681
1640	1310
1640	522
1641	4784
1641	1676
1643	3253
1643	634
1644	836
1645	398
1645	826
1646	838
1646	1676
1647	926
1647	566
1647	1320
1647	1059
1648	551
1649	916
1649	1664
1650	1416
1651	1249
1652	926
1652	857
1653	1353
1653	1310
1654	522
1654	1310
1655	1163
1655	1117
1657	847
1657	3757
1659	1399
1659	1306
1660	339
1660	926
1662	1386
1662	522
1663	3388
1663	1676
1664	302
1664	567
1665	3923
1665	522
1666	165
1666	1676
1666	904
1667	1288
1667	3757
1668	1911
1668	522
1669	338
1669	1676
1670	1209
1671	1507
1671	1642
1671	1310
1672	522
1672	521
1673	3757
1673	522
1673	826
1674	1737
1674	1309
1675	4264
1675	822
1675	1059
1676	1918
1676	1507
1676	1059
1677	2925
1677	1388
1678	1554
1678	3778
1679	2
1679	522
1680	1323
1681	826
1681	522
1681	1309
1682	1238
1682	522
1683	1217
1683	1676
1684	153
1684	839
1685	926
1685	946
1685	938
1686	1262
1686	1059
1686	3761
1687	3524
1688	1114
1688	857
1688	1676
1689	861
1689	1676
1690	898
1690	1059
1690	522
1691	682
1691	829
1692	2438
1692	2233
1693	1424
1693	522
1694	1303
1694	3761
1694	926
1695	3920
1695	1059
1696	1718
1696	1663
1697	991
1697	1059
1697	3779
1698	1335
1698	850
1698	1059
1699	2330
1699	522
1700	1799
1700	1861
1701	1967
1702	1074
1702	123
1703	184
1703	1676
1704	2005
1704	368
1705	1405
1705	1320
1705	926
1706	2790
1706	2039
1709	3619
1710	1511
1710	3761
1710	926
1711	1059
1711	1320
1711	827
1712	2980
1712	839
1713	3492
1713	1227
1713	3757
1714	133
1714	522
1716	829
1716	1346
1717	1494
1717	1676
1718	1409
1719	1404
1719	1306
1720	926
1720	720
1721	518
1721	1113
1722	1656
1723	1676
1723	1184
1724	339
1724	1676
1725	3343
1725	1692
1726	1682
1726	522
1727	1174
1727	832
1728	343
1728	303
1728	522
1729	3253
1729	1330
1730	1428
1731	2234
1732	1385
1732	1059
1732	3779
1733	1260
1733	1310
1733	522
1734	1177
1735	1160
1735	1310
1735	522
1736	3253
1736	674
1737	1059
1737	522
1737	181
1738	1390
1738	1086
1739	798
1739	839
1740	726
1740	839
1741	540
1741	1321
1741	926
1742	926
1742	1394
1742	1399
1743	579
1744	826
1744	1731
1744	1676
1745	389
1745	1059
1745	926
1746	3954
1747	3253
1747	1016
1748	143
1749	3770
1749	1551
1750	1584
1751	1676
1751	1699
1752	1676
1752	2803
1753	1001
1754	264
1754	522
1755	374
1756	1492
1756	1676
1757	1537
1757	1310
1758	1309
1758	258
1759	522
1759	686
1760	1805
1760	1310
1761	1158
1761	522
1762	874
1762	839
1763	363
1763	3757
1764	855
1765	830
1765	167
1766	1415
1767	643
1767	1117
1768	346
1768	3757
1769	430
1769	1059
1769	3779
1770	448
1770	910
1771	926
1771	551
1771	1320
1771	1059
1772	1003
1772	1059
1773	926
1773	551
1773	1320
1773	1059
1774	648
1775	236
1775	522
1776	1440
1776	839
1777	1475
1777	1676
1778	910
1778	522
1778	3778
1778	902
1779	3927
1779	3920
1779	1306
1780	1505
1780	1642
1781	753
1782	926
1782	784
1782	1059
1783	1809
1784	3253
1784	1018
1785	522
1785	1309
1785	866
1786	522
1786	1792
1787	551
1788	1554
1788	1309
1789	1410
1789	522
1790	914
1790	1718
1791	926
1791	1084
1792	1420
1792	1548
1793	2330
1793	2469
1794	790
1794	785
1795	585
1795	3761
1795	1059
1796	1741
1796	1059
1797	3411
1797	1676
1798	2016
1799	1245
1799	522
1800	1737
1800	1320
1800	926
1801	1044
1802	1749
1802	3778
1803	626
1803	1507
1803	1059
1804	1676
1804	229
1805	978
1806	972
1806	3770
1807	1117
1808	1287
1808	3761
1808	1059
1809	522
1809	1228
1810	572
1810	522
1811	723
1811	522
1812	1663
1812	522
1813	933
1813	302
1814	1414
1815	1681
1815	522
1816	1310
1816	1236
1817	1352
1817	1462
1818	1059
1818	1335
1819	155
1819	522
1819	1310
1820	564
1820	1117
1821	1642
1821	712
1821	1676
1822	596
1822	1059
1822	1320
1822	926
1823	3253
1823	947
1824	1509
1824	2919
1825	522
1825	1352
1826	1445
1826	1320
1827	846
1827	839
1828	654
1828	567
1829	643
1829	1120
1829	642
1830	3161
1830	522
1831	1470
1831	36
1832	177
1832	1121
1833	1079
1834	1474
1834	1676
1835	467
1836	434
1837	926
1837	1301
1837	1320
1838	598
1838	1309
1839	3457
1839	342
1840	470
1841	136
1841	1310
1842	347
1842	522
1843	25
1844	1310
1844	3956
1845	1508
1845	829
1846	926
1846	1059
1846	1320
1846	777
1847	1393
1847	1306
1848	926
1848	906
1848	1678
1848	368
1849	980
1849	41
1850	1663
1850	522
1851	1310
1851	1320
1852	1059
1852	822
1853	210
1854	341
1854	3761
1854	926
1855	147
1856	67
1856	904
1856	926
1857	2331
1857	522
1858	926
1858	1097
1858	1059
1859	92
1859	1676
1859	121
1860	926
1860	242
1860	1320
1860	1059
1861	958
1862	1267
1862	1309
1863	1186
1864	1351
1864	1676
1865	750
1865	914
1866	926
1866	334
1867	3652
1867	522
1868	926
1868	274
1868	1394
1868	1320
1869	926
1869	944
1869	938
1870	926
1870	573
1870	1059
1871	1117
1872	1536
1873	835
1873	842
1874	418
1874	522
1875	3608
1875	914
1876	1641
1876	839
1877	216
1877	1663
1878	519
1878	1642
1879	1676
1879	121
1879	832
1879	522
1880	3898
1880	522
1881	1281
1881	3761
1881	1059
1882	407
1882	3761
1883	1261
1883	1320
1883	926
1883	1059
1884	727
1884	839
1885	689
1885	926
1887	1114
1887	2924
1887	1676
1888	831
1889	702
1889	700
1890	351
1890	1676
1891	1084
1892	459
1892	1388
1893	981
1893	1059
1893	522
1894	1826
1894	1117
1895	905
1895	522
1895	1310
1896	3445
1897	1086
1897	1507
1897	1059
1898	522
1898	4041
1899	1499
1899	4275
1900	926
1900	672
1900	517
1901	926
1901	183
1901	1320
1901	1059
1902	370
1902	522
1903	388
1903	522
1904	3230
1904	1166
1905	272
1906	926
1906	996
1907	2218
1907	3779
1907	1059
1908	839
1909	1174
1909	1665
1910	522
1910	881
1911	1417
1912	319
1912	522
1914	454
1914	1642
1915	3253
1915	1015
1916	837
1916	1510
1917	1501
1918	689
1918	1059
1918	522
1919	1041
1919	3757
1920	1309
1920	158
1921	522
1921	59
1922	1664
1922	522
1923	926
1923	768
1923	1059
1923	1320
1924	926
1924	747
1924	1059
1925	926
1925	873
1926	1113
1927	1268
1927	1059
1927	3761
1928	3253
1928	3612
1929	416
1929	1676
1930	1663
1932	140
1932	3761
1932	926
1932	1059
1933	646
1933	567
1934	449
1935	1309
1935	1554
1936	400
1936	1676
1937	1222
1937	1676
1938	3
1939	1325
1939	522
1940	32
1940	1310
1941	926
1941	604
1941	1059
1941	1320
1942	784
1942	785
1943	330
1943	1321
1944	234
1944	1059
1944	926
1945	501
1945	522
1945	1059
1946	926
1946	135
1946	522
1947	1045
1948	234
1948	839
1950	522
1950	1310
1950	1664
1951	1851
1951	1136
1952	134
1952	522
1953	1883
1953	522
1954	4053
1954	1676
1955	1074
1955	1309
1956	1678
1956	522
1957	1676
1957	1339
1958	1117
1958	522
1959	522
1959	1310
1959	698
1960	1161
1962	489
1962	522
1963	3426
1964	827
1964	1480
1965	1527
1965	1309
1965	522
1966	1663
1966	522
1967	926
1967	822
1967	1059
1968	1063
1968	1321
1968	926
1969	699
1969	1059
1969	522
1970	1149
1970	522
1971	1493
1971	1676
1972	1509
1972	3779
1973	492
1973	522
1973	3757
1974	736
1974	839
1975	1388
1975	1506
1975	522
1976	762
1976	1320
1976	1059
1976	926
1977	497
1978	2950
1978	522
1979	1539
1979	1388
1980	926
1980	1508
1981	926
1981	384
1981	906
1982	1310
1982	1676
1983	356
1983	1642
1983	1310
1984	926
1984	589
1984	1320
1984	1059
1985	295
1985	522
1986	1059
1986	1320
1986	559
1987	966
1987	302
1988	926
1988	1327
1988	1320
1988	1059
1989	3778
1989	522
1989	1086
1990	1994
1990	1310
1991	437
1991	839
1992	4788
1992	901
1993	451
1993	1310
1994	1510
1994	826
1995	709
1995	1059
1996	1433
1996	1321
1997	110
1997	1642
1999	1367
1999	1394
1999	926
2000	4099
2000	1059
2001	3347
2002	1353
2002	1698
2003	871
2003	1507
2004	525
2004	342
2004	522
2005	1310
2005	1010
2006	926
2006	1459
2007	972
2007	1314
2008	522
2008	1663
2009	1350
2009	3757
2010	1506
2010	831
2011	1678
2011	522
2012	1531
2012	1310
2013	649
2013	440
2014	914
2014	1713
2015	522
2015	1716
2016	480
2016	1310
2017	150
2017	830
2017	1676
2018	826
2019	1491
2019	1676
2020	1109
2020	863
2020	1676
2021	1703
2021	1676
2022	2233
2022	3761
2023	549
2024	926
2024	744
2024	1059
2025	1734
2025	1320
2025	926
2026	1550
2027	1995
2027	522
2028	1388
2028	807
2029	584
2029	1113
2030	1506
2030	1413
2031	784
2031	785
2032	753
2032	1676
2032	1642
2033	1266
2033	3761
2033	1059
2034	285
2035	709
2036	92
2036	826
2036	1676
2037	257
2037	1676
2037	3761
2038	1953
2038	1861
2039	839
2040	472
2041	3618
2042	1426
2042	522
2043	639
2044	914
2044	1246
2045	743
2045	839
2046	778
2046	522
2047	452
2048	926
2048	195
2048	1320
2048	1059
2049	3064
2050	1506
2050	1642
2050	1310
2051	161
2051	1059
2051	1507
2052	698
2052	1321
2053	1134
2053	914
2054	302
2054	3757
2054	522
2055	769
2055	839
2056	1316
2056	3779
2057	3778
2057	1321
2058	522
2058	378
2058	1676
2059	926
2059	1549
2059	1394
2059	522
2060	926
2060	1506
2060	1160
2061	1122
2061	1676
2062	905
2062	522
2062	1309
2063	3935
2063	1394
2064	926
2064	204
2065	680
2065	1144
2066	836
2067	4276
2067	3757
2067	522
2068	3253
2068	754
2069	1676
2069	1340
2070	882
2070	1507
2071	1059
2071	522
2071	2910
2072	616
2072	1059
2072	1507
2073	1400
2073	1086
2074	1815
2074	926
2075	926
2075	822
2075	1059
2076	786
2076	785
2077	914
2077	1309
2077	1160
2078	1793
2078	1710
2079	3927
2079	3920
2079	1309
2080	1309
2080	1969
2081	2438
2081	1676
2082	510
2083	1642
2083	1551
2083	1663
2084	839
2084	2789
2085	532
2085	522
2086	926
2086	1095
2086	1059
2087	23
2087	916
2088	1676
2088	832
2088	904
2088	522
2089	926
2089	271
2089	1309
2090	822
2090	1320
2090	1059
2090	926
2091	908
2091	926
2092	3927
2092	1548
2093	22
2094	838
2094	839
2095	963
2095	167
2096	3916
2098	522
2098	1497
2099	323
2100	1658
2102	849
2102	914
2102	1309
2103	620
2103	1059
2103	3779
2104	2004
2104	1136
2105	807
2105	1382
2106	697
2106	522
2107	231
2107	1309
2109	1550
2109	1550
2110	1514
2110	1676
2110	1642
2111	926
2111	989
2111	1059
2111	1320
2112	536
2112	522
2113	413
2113	1382
2114	1335
2114	1059
2115	1328
2115	522
2116	926
2116	570
2116	303
2117	948
2117	522
2118	1651
2118	522
2119	771
2120	3253
2120	944
2121	158
2121	1388
2122	3757
2122	1743
2123	1506
2123	829
2124	217
2124	1710
2125	645
2125	693
2126	1059
2126	4204
2127	476
2128	1551
2128	1642
2128	1676
2129	960
2129	839
2130	1732
2131	477
2132	1511
2132	826
2133	844
2133	167
2134	1045
2134	1676
2135	145
2135	1310
2135	1642
2136	3448
2137	1160
2137	914
2137	1310
2138	1046
2139	1649
2139	1059
2139	522
2140	702
2140	1059
2140	1335
2141	1676
2141	522
2142	3253
2142	1017
2143	1550
2143	832
2144	522
2144	466
2145	2705
2145	522
2146	3778
2146	264
2147	1226
2147	1676
2148	1059
2148	835
2149	1073
2149	522
2150	1476
2150	832
2151	92
2151	830
2151	1676
2152	4264
2152	1059
2152	831
2153	926
2153	1271
2153	1059
2153	1320
2154	1310
2154	1370
2155	2219
2155	522
2156	1676
2156	1388
2156	904
2156	926
2157	837
2157	839
2158	704
2158	1059
2159	838
2159	835
2159	1310
2160	1747
2160	522
2162	2057
2162	1059
2163	1646
2163	1310
2163	522
2164	522
2164	1448
2165	363
2165	1310
2166	890
2166	522
2167	926
2167	278
2168	653
2168	567
2169	1678
2169	1676
2170	948
2170	1320
2170	1059
2171	926
2171	1002
2171	1059
2171	1320
2172	1855
2172	972
2174	948
2174	839
2175	1676
2175	1342
2176	1254
2176	1320
2176	926
2177	535
2177	1507
2178	1353
2178	1698
2178	1307
2179	1388
2179	522
2180	962
2180	522
2181	1117
2181	3648
2182	740
2182	839
2183	906
2183	1678
2183	3778
2184	939
2185	2233
2185	1676
2186	510
2186	1310
2187	3412
2188	1869
2189	1246
2189	914
2190	926
2190	11
2190	1321
2190	522
2191	830
2192	380
2192	522
2193	1423
2193	522
2194	809
2195	480
2195	1388
2196	830
2196	1676
2197	427
2198	522
2198	679
2199	1713
2199	1676
2200	590
2200	1113
2201	118
2202	1663
2202	522
2203	3253
2203	1018
2204	926
2204	967
2204	1059
2205	636
2205	567
2207	522
2207	341
2208	1554
2208	1310
2209	4298
2209	972
2210	84
2210	1309
2211	164
2212	687
2212	1388
2213	1676
2213	1041
2214	1176
2215	1554
2216	1041
2216	1310
2217	926
2217	551
2217	1320
2217	1059
2218	274
2218	809
2219	1507
2219	457
2220	522
2220	1178
2221	212
2221	1310
2222	522
2222	1706
2223	3253
2223	1016
2225	1419
2225	1760
2226	926
2226	1441
2226	1320
2227	846
2227	1350
2228	298
2228	3757
2228	522
2229	926
2229	858
2229	522
2230	1392
2232	1330
2234	916
2234	1712
2236	522
2237	3349
2237	522
2238	613
2238	1507
2238	1059
2239	1361
2239	342
2239	522
2240	237
2240	1310
2240	522
2241	1359
2241	1310
2242	926
2242	886
2242	1059
2242	1320
2243	1645
2243	4273
2245	3253
2245	3592
2246	1059
2246	376
2247	926
2247	1506
2248	644
2248	567
2249	499
2250	328
2250	522
2250	1059
2251	457
2251	1506
2252	1207
2254	1425
2254	958
2254	522
2255	1511
2255	1059
2256	926
2256	1278
2256	1320
2256	1059
2257	926
2257	717
2258	836
2258	384
2259	1647
2259	1346
2260	1684
2260	522
2261	667
2261	517
2262	829
2262	1422
2263	980
2263	826
2263	1676
2264	3263
2264	3284
2264	114
2265	882
2265	522
2266	926
2266	26
2266	1320
2267	835
2267	93
2268	2451
2268	1676
2269	1712
2269	522
2270	3604
2270	522
2271	344
2271	1310
2271	522
2272	3658
2272	522
2273	931
2273	522
2274	926
2274	1329
2274	1059
2274	1320
2275	926
2275	42
2275	522
2276	1518
2276	1642
2276	1676
2277	1224
2277	1676
2278	695
2278	1059
2278	1321
2279	612
2279	1059
2279	1507
2280	1309
2280	1734
2281	2469
2281	1685
2282	784
2282	785
2283	4069
2284	1388
2284	1551
2285	2013
2285	348
2285	1113
2286	889
2286	1507
2287	1663
2288	1059
2288	522
2288	1339
2289	778
2289	1394
2289	1676
2289	522
2291	426
2291	215
2292	79
2292	839
2293	346
2293	1309
2294	899
2295	972
2295	1306
2296	3253
2296	1174
2297	3072
2297	522
2297	1059
2298	87
2298	522
2299	1310
2299	1472
2300	4124
2301	649
2301	693
2302	1395
2304	70
2305	72
2305	522
2306	522
2306	1676
2306	921
2308	402
2308	839
2309	926
2309	522
2309	1676
2310	3612
2312	1676
2312	1644
2313	830
2313	1664
2313	1663
2314	593
2314	1059
2315	431
2315	302
2316	1136
2316	1310
2316	522
2317	1310
2317	258
2318	1371
2318	522
2319	478
2319	2534
2320	3757
2320	1207
2321	4397
2321	1676
2322	3830
2322	826
2322	1676
2323	774
2323	1320
2323	1059
2324	112
2324	522
2325	522
2325	101
2326	926
2326	1507
2327	416
2327	1310
2327	1642
2328	1352
2328	269
2329	3171
2329	522
2329	367
2330	922
2331	4263
2331	1309
2332	827
2332	3757
2333	1038
2333	522
2334	1255
2334	1310
2336	1501
2337	105
2337	839
2338	1554
2338	3768
2338	926
2339	871
2339	522
2340	4364
2340	522
2341	165
2341	839
2342	1313
2342	839
2343	926
2343	713
2343	1059
2343	1320
2344	1927
2344	522
2345	106
2345	839
2346	1059
2346	1320
2346	382
2347	30
2348	463
2349	1173
2349	1691
2350	1550
2351	522
2351	1686
2352	4322
2352	522
2353	825
2354	1427
2354	522
2355	310
2356	1352
2356	522
2356	1309
2357	80
2357	522
2358	213
2358	2469
2359	4069
2359	1059
2360	816
2360	1507
2361	394
2361	1117
2362	3448
2362	3757
2364	1388
2364	963
2365	1715
2365	914
2366	702
2366	478
2367	1177
2368	1496
2368	1676
2369	540
2369	522
2369	1055
2370	1412
2371	2341
2371	839
2372	3209
2374	4373
2375	3863
2375	839
2377	3877
2378	3861
2379	3859
2380	4402
2380	3845
2381	4431
2381	839
2382	839
2383	3845
2384	4402
2384	3845
2385	3886
2386	3869
2387	839
2388	914
2389	1676
2390	839
2391	3259
2391	3259
2391	1310
2392	1676
2393	839
2394	839
2395	4366
2396	839
2397	914
2398	240
2399	567
2400	302
2401	832
2401	1676
2402	839
2403	240
2404	1676
2406	1310
2407	4609
2409	1352
2409	522
2410	1711
2411	839
2412	522
2413	839
2414	522
2415	839
2416	832
2416	1676
2417	412
2417	1309
2418	1676
2420	1695
2420	4639
2421	1676
2421	822
2422	834
2422	1676
2423	820
2423	1676
2424	830
2424	1676
2425	819
2425	1676
2426	831
2426	1676
2427	833
2427	1676
2428	823
2428	1676
2429	821
2429	1676
2430	825
2430	1676
2431	837
2431	1676
2432	830
2432	1676
2433	832
2433	1676
2434	828
2434	1676
2435	827
2435	1676
2436	829
2436	1676
2437	836
2437	1676
2438	838
2438	1676
2439	835
2439	1676
2440	829
2440	1676
2441	826
2441	1676
2442	824
2442	1676
2443	826
2443	1676
2446	2794
2446	1059
2446	3779
2447	1394
2448	1144
2448	1059
2448	926
2450	13
2450	1642
2451	1160
2451	522
2452	1673
2452	522
2453	1321
2454	2675
2454	522
2455	1654
2455	1059
2456	1676
2457	1676
2458	4398
2458	522
2459	1745
2460	1676
2460	1336
2461	1310
2462	342
2462	2796
2463	2741
2463	839
2463	907
2464	1676
2465	1405
2465	2774
2466	1394
2467	1112
2468	1388
2469	1676
2470	1059
2471	1309
2472	1702
2473	1310
2475	666
2476	2772
2476	1310
2477	1388
2479	984
2479	2868
2480	1642
2480	1505
2481	2769
2481	1310
2482	1663
2483	1059
2484	3770
2485	384
2485	92
2486	2774
2486	1310
2487	1394
2488	1320
2488	926
2489	1117
2490	1676
2492	1514
2492	1676
2493	1780
2493	2804
2495	2724
2495	1310
2497	2756
2497	439
2498	1644
2498	1676
2499	2771
2499	1310
2500	1514
2500	1676
2501	1705
2501	522
2502	904
2502	1676
2503	1676
2505	1676
2506	1309
2507	676
2508	2308
2509	1388
2510	2566
2511	1676
2513	1309
2514	1309
2515	2800
2515	1676
2516	1424
2516	1059
2516	926
2517	550
2518	1117
2518	1952
2519	839
2519	1320
2520	1310
2521	1676
2522	2756
2522	145
2523	2773
2523	1346
2525	837
2525	522
2527	522
2528	1665
2529	97
2529	906
2530	1676
2531	522
2533	2717
2533	522
2534	1115
2535	1394
2536	1309
2537	1394
2538	1676
2539	13
2539	522
2540	906
2540	522
2541	1336
2541	1676
2542	1309
2543	1309
2544	522
2545	1310
2546	2754
2546	838
2547	2797
2547	3075
2548	2779
2548	1642
2549	1350
2550	1321
2550	926
2551	1676
2552	1309
2553	1388
2554	1058
2554	522
2555	1676
2555	824
2556	1543
2557	926
2557	1464
2557	1676
2557	522
2558	1704
2558	522
2559	1394
2561	3253
2563	1666
2564	1074
2566	1676
2567	522
2568	926
2569	972
2571	675
2572	1507
2572	2757
2573	1388
2574	666
2575	1676
2575	2803
2576	2803
2576	478
2577	1320
2577	926
2578	2834
2581	365
2582	3253
2583	522
2584	1394
2585	1350
2586	1408
2586	522
2587	1394
2588	1309
2589	99
2590	500
2591	972
2592	1676
2593	1675
2593	522
2594	1507
2594	1642
2595	522
2596	1309
2597	2919
2598	1857
2600	92
2600	522
2601	1642
2602	522
2603	1309
2604	1320
2604	926
2605	1676
2608	1309
2609	36
2610	3253
2611	1310
2612	1309
2613	522
2614	13
2614	522
2615	3230
2615	522
2616	1506
2616	2755
2617	1309
2618	522
2619	1117
2620	1388
2621	914
2622	404
2623	2566
2624	295
2625	1676
2627	1705
2627	522
2630	926
2631	1309
2633	1309
2634	1309
2635	1310
2636	1309
2637	1438
2638	2756
2638	479
2639	1506
2639	1642
2640	826
2641	522
2642	1709
2643	1394
2644	1310
2647	1310
2648	1710
2649	1394
2650	1117
2653	522
2654	1676
2655	1420
2656	1059
2657	2675
2657	522
2658	1353
2659	522
2660	1320
2660	926
2661	1059
2661	445
2663	1746
2664	901
2665	1321
2665	1406
2666	1309
2667	2788
2667	522
2668	905
2668	522
2669	1310
2670	1676
2671	843
2671	1309
2672	1388
2672	2772
2675	1429
2675	1309
2681	972
2681	1888
2684	1424
2684	1309
2685	1589
2685	342
2686	1591
2686	342
2687	2663
2687	1676
2687	522
2688	2984
2688	1676
2688	522
2689	4848
2689	1676
2689	522
2690	487
2690	926
2691	1676
2691	926
2692	4082
2692	927
2693	1554
2693	926
2694	2081
2694	926
2695	3204
2695	926
2696	914
2696	926
2697	927
2697	926
2698	3195
2698	926
2699	2984
2699	926
2700	1047
2700	926
2701	838
2701	926
2702	921
2702	927
2703	927
2703	926
2704	702
2704	926
2705	914
2705	927
2706	4848
2706	926
2707	922
2707	926
2708	1335
2708	927
2709	1245
2709	926
2710	1360
2710	926
2711	921
2711	926
2712	919
2712	926
2713	3720
2713	926
2714	3204
2714	926
2715	3167
2715	926
2716	2919
2716	926
2717	912
2717	927
2718	922
2718	927
2719	1178
2719	926
2720	4325
2720	926
2721	1676
2722	1360
2723	3074
2724	829
2725	1551
2726	914
2727	1113
2728	1702
2729	2438
2730	3374
2731	1117
2732	828
2733	2330
2734	3210
2735	1263
2736	2081
2737	609
2738	4325
2739	3359
2740	1345
2741	4848
2742	923
2743	824
2744	478
2745	1050
2746	1982
2747	270
2748	1591
2749	149
2750	1666
2751	1388
2752	3204
2753	920
2754	3396
2755	2919
2756	689
2757	4079
2758	467
2759	2469
2760	1663
2761	1932
2762	972
2763	4069
2764	3401
2765	900
2766	1207
2767	2984
2768	922
2769	2983
2770	913
2771	1674
2772	1160
2773	522
2774	927
2775	1310
2776	921
2777	4322
2778	1552
2778	926
2779	4302
2779	926
2780	525
2780	926
2781	1059
2781	926
2782	1506
2782	926
2783	3768
2783	926
2784	3768
2784	926
2785	3770
2785	926
2786	1310
2786	926
2787	303
2787	926
2788	3770
2788	926
