1	1331
1	1173
2	490
2	1309
2	522
3	1916
3	1642
4	303
4	722
5	843
5	201
6	869
6	1321
7	153
7	1665
8	926
8	1148
8	1665
9	1487
9	1665
10	3838
10	1665
10	914
11	522
11	1309
11	287
12	916
12	826
12	1682
12	1678
13	3779
13	978
13	68
14	926
14	916
14	342
14	1678
15	1972
15	1702
16	1321
16	914
17	492
18	1648
18	303
19	803
19	522
20	1276
20	3757
20	522
21	1321
21	1309
22	926
22	890
22	914
23	2329
23	1642
24	1503
24	914
25	926
25	92
25	133
26	631
26	522
26	1309
27	926
27	181
28	916
28	648
29	2330
29	1642
30	1032
30	1702
31	874
31	843
32	522
32	1407
34	260
34	522
35	1310
35	2566
36	356
36	1642
36	1309
37	775
37	522
37	1309
38	730
38	843
39	679
39	1702
40	1430
41	926
41	1651
41	92
41	36
42	95
43	926
43	1378
43	843
44	310
45	3604
45	1206
46	236
46	3761
46	926
47	400
47	1160
48	926
48	1669
48	916
50	926
50	826
50	499
50	1320
51	816
51	3761
51	926
52	752
52	54
53	467
53	1642
55	832
55	1507
55	1320
56	337
56	1552
57	2766
57	843
58	620
58	1551
58	303
59	1470
59	1310
60	3064
60	914
61	4821
61	3761
62	1321
62	303
62	1421
62	904
63	926
63	359
63	522
64	926
64	778
64	1702
65	703
65	1321
66	926
66	826
66	1321
66	499
67	475
67	522
68	2231
69	914
69	342
69	1678
70	142
70	1702
71	301
71	1548
72	1706
72	1665
73	3770
73	522
73	926
74	3443
74	181
75	280
75	916
76	926
76	1222
76	1321
77	926
77	1536
77	1642
78	380
78	303
79	303
79	1551
79	879
80	1189
81	926
81	341
81	158
82	1297
83	1663
83	1665
84	618
84	522
84	3778
85	290
85	3761
86	926
86	109
86	1665
87	297
88	1308
88	3761
88	926
89	1702
89	154
90	92
90	1506
90	1058
91	1549
91	3761
91	926
92	1678
92	1665
93	1534
93	522
94	3064
94	914
95	1300
95	303
95	3761
96	1320
96	1372
97	1551
97	1642
98	918
98	914
98	1665
99	3932
99	1642
100	790
100	1207
101	491
101	1309
101	522
102	926
102	11
102	1321
103	342
103	522
103	303
105	1503
105	1665
106	1310
106	1473
107	1176
107	1665
108	926
108	1070
108	130
109	981
109	335
110	92
110	1321
110	1507
111	3761
111	1008
112	1291
112	522
112	3757
113	3443
114	480
114	914
115	1648
115	838
116	332
116	1642
117	853
117	303
117	92
118	3443
118	1332
119	525
119	1213
120	3891
120	1642
121	740
121	522
122	1200
123	826
123	1665
123	914
123	229
124	926
124	64
124	92
124	36
125	181
125	926
126	303
126	252
127	325
127	914
128	2240
128	926
128	1666
129	396
129	1309
129	522
130	916
130	1855
131	1548
131	36
132	92
132	1714
133	1035
133	1321
133	926
134	512
134	1642
135	1321
135	303
135	1506
136	710
136	522
137	592
137	1309
137	522
138	265
139	767
140	92
140	1715
141	906
141	3779
142	210
142	1310
143	1207
144	403
144	1678
145	320
145	1321
146	1052
147	2800
147	1551
147	1647
147	303
148	1003
149	1396
149	1388
149	1321
150	926
150	1178
150	1320
151	3937
151	303
152	926
152	1438
152	1321
153	816
153	1321
153	926
154	1699
154	3291
155	301
155	1310
156	926
156	844
157	3412
157	1702
158	1139
158	522
159	826
159	314
160	1352
161	307
161	1321
161	926
162	3770
162	522
162	926
163	230
163	1642
163	1309
164	364
164	843
165	1361
165	1665
166	303
166	1551
166	779
167	58
167	522
168	926
168	760
168	843
169	903
169	911
170	3800
170	949
171	1192
171	1647
172	921
172	914
172	1665
173	3973
173	303
173	1642
173	3757
173	522
174	853
174	1548
175	4063
175	2915
176	896
177	848
177	1642
178	826
178	849
179	1676
179	1173
180	916
180	1408
180	926
180	1408
180	14
180	1678
181	630
181	1309
181	522
182	926
182	92
182	36
182	428
183	926
183	1410
183	916
183	1678
184	156
184	1170
185	393
185	914
186	456
186	1321
186	926
187	2297
187	3734
188	303
188	342
188	1665
189	632
189	1309
189	522
190	1502
190	1665
191	1189
192	1700
192	2328
193	522
193	170
194	926
194	351
194	1665
195	592
195	1309
195	522
196	554
196	1508
197	926
197	843
197	176
198	926
198	1402
198	1665
198	914
199	906
199	1082
200	926
200	424
200	1701
202	926
202	21
203	494
204	275
204	1665
205	92
205	130
205	926
206	1887
206	1702
207	488
208	904
208	926
209	554
209	876
210	781
210	1309
210	522
211	1048
211	1551
212	969
212	522
213	926
213	1035
213	36
214	1358
215	926
215	92
215	135
216	926
216	665
216	1700
217	1982
217	1321
218	1698
218	1665
219	982
219	926
219	982
219	335
220	1089
220	522
221	522
221	63
222	1966
222	1939
223	3657
223	1469
224	1498
224	4063
225	926
225	1321
225	1506
226	2566
226	1310
227	1193
227	1681
228	1404
229	1665
229	3604
230	926
230	1329
230	1320
230	1059
232	759
232	3800
233	1348
233	1665
233	914
234	800
234	522
235	1645
235	525
236	926
236	45
236	1702
237	3347
237	1691
238	1512
238	1309
238	522
239	3443
239	149
239	1644
241	251
241	1689
242	1507
242	36
243	722
243	3761
244	3
244	522
245	926
245	493
245	1642
246	826
246	914
246	1665
247	926
247	1335
247	202
248	1320
248	65
249	2239
250	3923
251	380
251	522
252	1507
252	303
252	1321
253	1233
253	1309
254	1796
254	1905
254	97
254	1052
255	1006
255	1309
255	522
256	926
256	570
256	1642
257	1439
257	2566
258	127
258	826
259	1289
259	3757
259	522
260	2004
260	1666
261	916
261	1687
261	833
261	1678
262	1414
262	1530
263	926
263	1487
263	1665
264	2449
264	1702
265	94
265	94
265	1642
266	1206
267	1401
267	522
268	709
268	1732
269	1239
269	1207
270	915
270	1726
271	1321
271	1506
272	926
272	1554
272	1642
273	856
274	926
274	1487
274	1665
275	926
275	158
275	215
276	452
276	1310
276	522
277	1664
277	1665
278	1178
278	1665
279	1648
281	838
281	1506
282	2469
282	1494
283	860
283	3761
284	298
284	36
284	919
285	860
285	1506
286	926
286	1396
286	916
286	1678
287	303
287	234
288	2060
288	299
289	2297
289	1524
290	916
290	1419
290	1678
291	1286
291	1309
292	926
292	1390
292	1421
293	1237
293	1161
294	36
294	83
295	926
295	1321
295	1224
296	1408
296	92
297	285
298	363
299	1697
299	1665
300	1320
300	1140
301	1681
301	926
302	749
302	1309
303	92
303	243
303	303
304	1828
304	843
305	1506
305	1388
306	1174
306	914
307	623
307	1551
307	303
308	2219
308	2469
309	926
309	1178
309	1678
310	1134
311	4775
311	914
313	1321
313	1551
314	293
314	522
315	248
315	1700
316	2459
316	1700
317	827
317	1552
318	717
318	843
319	1648
319	1160
320	826
320	216
321	1321
321	3932
322	374
322	92
322	303
323	1642
323	1372
324	1448
325	1073
325	36
326	1306
326	1421
328	29
328	914
329	522
329	191
330	949
331	3412
331	1969
332	926
332	1035
333	914
333	1550
334	1702
334	1813
335	1496
336	1160
336	1506
337	406
338	993
338	522
338	1309
339	92
339	191
340	599
340	1320
340	926
341	926
341	843
341	1356
342	1335
343	869
343	1642
344	565
344	1642
345	1648
345	522
345	1309
346	1132
346	3757
347	756
347	3800
348	843
348	2889
349	351
349	1689
350	1378
350	1678
351	3951
351	1309
352	2464
352	1642
353	1668
353	1665
354	4086
354	1642
354	303
354	1309
355	65
355	153
356	926
356	805
356	914
357	926
357	643
357	914
358	1506
358	1548
359	1661
360	420
360	914
361	2534
361	900
362	826
362	263
363	1321
363	543
364	1277
364	158
364	522
364	1309
365	926
365	266
365	1506
366	111
366	522
367	1161
368	766
368	522
369	622
369	1551
369	303
370	926
370	1320
370	1129
371	926
371	474
371	1665
372	938
372	522
373	926
373	1296
373	1642
374	987
374	522
374	1309
375	1283
376	1493
376	914
377	1173
377	1678
378	627
378	1551
378	303
379	826
379	439
380	926
380	757
381	1666
381	1665
382	513
382	1642
383	92
383	1706
384	4393
385	922
385	926
385	914
385	1665
386	940
386	522
387	520
387	522
388	926
388	1308
388	1701
389	2743
389	833
390	242
390	1309
390	522
391	1551
391	3768
392	522
392	1309
392	562
393	2438
393	1700
394	911
395	743
395	522
396	926
396	1666
396	914
397	303
397	809
398	1551
398	1320
398	926
399	1222
400	926
400	1666
400	1150
401	1170
401	1160
403	1113
404	843
404	2891
405	560
405	1665
406	3830
406	1676
406	158
407	522
407	390
408	1537
409	303
409	140
410	994
410	522
411	926
411	353
411	1320
412	812
413	303
413	1642
413	561
414	418
414	522
415	1641
415	522
416	476
417	1408
417	1405
418	926
418	1444
418	1320
419	1389
419	3779
420	2462
420	4069
421	926
421	1040
421	36
422	525
422	2565
423	255
423	1320
423	926
424	3779
424	3748
425	926
425	1079
425	1350
426	1176
427	1344
428	1363
428	1642
429	354
429	914
430	1078
430	40
431	963
431	1551
431	303
432	1724
432	1678
433	926
433	350
434	916
434	636
435	92
435	1353
435	303
435	1321
436	926
436	112
436	158
436	303
437	369
437	303
438	926
438	1180
438	1665
439	1190
440	3583
440	3583
441	926
441	914
441	1417
441	1665
442	1441
442	1309
442	522
443	92
443	1692
445	303
445	980
446	1321
446	1086
447	1282
447	1309
447	522
447	158
448	926
448	846
448	1548
449	926
449	1518
449	1642
450	1072
450	1065
451	145
452	430
452	3757
452	916
453	1665
453	849
453	1309
453	914
454	3074
454	92
454	36
455	1700
455	1666
456	1281
456	3757
456	522
457	303
457	698
458	714
458	1321
458	926
459	926
459	316
459	843
460	1712
460	1678
462	926
462	1484
462	1665
463	1682
463	914
464	926
464	92
464	722
464	36
465	1443
465	1309
465	522
466	546
466	1049
467	826
467	3761
467	926
468	1123
468	916
469	108
470	704
470	303
470	1321
471	1432
471	303
471	1642
472	2308
472	1642
473	926
473	1320
473	1110
474	538
474	1321
474	926
475	1321
475	1304
476	926
476	355
476	914
477	1161
477	1113
478	1911
478	1207
479	1239
479	1911
480	1321
480	2020
481	503
481	1702
482	1207
482	1199
483	914
483	1665
484	1385
484	3778
484	522
485	1235
485	914
486	926
486	1482
486	1665
487	826
487	429
488	926
488	92
488	42
489	543
489	1388
490	1266
491	1551
491	1433
492	447
492	1665
493	1794
493	1702
494	926
494	1548
494	1642
495	572
496	1505
496	303
497	926
497	92
497	1437
498	1320
498	1354
499	1146
499	916
500	1642
500	4063
501	1437
501	3779
502	76
502	1666
503	989
503	1309
504	247
504	1465
505	61
506	709
506	522
507	814
508	2919
509	926
509	914
509	1108
509	1665
510	252
511	916
511	768
512	1806
512	926
512	1506
512	1036
513	1927
513	826
514	984
514	64
514	36
515	1129
516	926
516	500
516	778
517	1665
517	1482
518	3583
519	3977
520	303
520	1321
520	1404
521	926
521	441
521	1703
522	926
522	767
523	926
523	1322
523	303
524	906
524	1506
525	3343
526	926
526	567
526	1665
527	623
527	1551
527	303
527	522
528	1240
529	2219
529	1700
530	1001
530	522
531	3396
531	1321
532	1130
532	1309
533	926
533	1678
533	916
533	1373
534	2326
534	303
536	917
536	914
536	1665
537	826
537	1558
538	916
538	276
539	926
539	640
539	36
540	1317
540	3779
541	926
541	1445
541	1309
542	2888
542	303
542	1551
543	926
543	521
543	1665
544	926
544	1004
545	363
545	1665
546	2469
546	3598
547	916
547	651
548	926
548	826
548	323
548	1462
549	3347
549	1681
550	92
550	36
550	216
551	1421
551	1548
552	916
552	2713
553	926
553	1506
553	92
554	2330
554	1700
555	213
555	916
556	601
556	916
557	502
558	612
558	1551
558	303
559	1268
559	522
559	3757
560	522
560	1160
560	384
561	92
561	4079
562	1642
562	2010
563	368
563	270
563	522
564	826
564	499
565	926
565	715
565	1506
566	641
566	916
567	256
567	752
568	554
568	980
569	2023
569	1699
570	198
570	914
571	926
571	1158
571	1702
572	926
572	503
572	1702
573	1321
573	1548
574	1275
574	1309
575	1259
575	1309
575	522
576	926
576	1421
576	916
576	1678
577	75
577	1506
578	186
579	926
579	711
579	916
579	1678
580	2438
580	914
581	303
581	983
582	843
582	3801
583	1861
583	1702
584	1121
584	1321
584	926
585	1062
585	36
586	2456
586	1665
587	3761
587	905
588	3779
588	1647
588	838
589	132
589	3757
589	522
590	926
590	1321
590	1224
591	1436
591	522
592	92
592	1035
593	92
593	1174
594	926
594	835
594	1548
595	1164
595	1699
596	926
596	1538
597	1126
597	916
598	796
598	843
599	1433
599	1548
600	545
600	1320
600	926
601	1320
601	1747
602	551
602	36
604	3604
604	1702
605	926
605	511
606	1020
606	1702
607	1740
607	522
608	926
608	1527
608	1320
609	4393
610	926
610	1174
610	1321
611	1459
612	211
612	1320
612	926
613	1141
613	1507
614	1024
614	1702
615	303
615	227
616	826
616	3831
617	149
617	914
617	1665
618	303
618	976
619	892
619	853
620	846
620	1716
621	428
622	1521
622	1642
623	3343
623	926
623	1332
624	926
624	376
624	1678
624	916
625	916
625	70
625	1700
626	329
626	522
626	303
627	157
627	1321
627	926
628	92
628	1680
629	926
629	39
629	1321
630	2729
630	303
630	1551
631	926
631	914
631	1175
632	303
632	328
633	620
633	1309
633	303
634	926
634	951
634	522
635	44
635	522
636	303
636	1437
637	522
637	303
637	1551
637	959
638	291
638	3779
639	37
639	303
640	1275
640	3778
641	926
641	1000
642	826
642	465
643	794
643	522
644	914
644	1665
645	366
645	830
646	499
647	916
647	1678
647	4376
648	1893
648	1666
649	1110
649	914
650	522
650	1140
651	1642
651	1665
652	3779
652	1647
652	876
653	1537
653	3757
654	2230
654	1642
655	1241
656	926
656	833
656	389
657	1408
657	303
657	926
658	1731
658	916
659	926
659	89
660	174
660	3761
660	926
661	361
661	926
661	361
661	1678
661	914
662	1002
663	914
664	1381
664	1309
665	947
665	941
665	522
666	1028
666	1702
667	926
667	1533
667	1642
668	92
668	181
669	223
669	914
670	916
670	1113
671	914
671	4063
672	36
672	1253
673	2256
673	3727
674	2065
674	4080
675	789
675	1207
676	926
676	410
677	926
677	746
677	843
678	386
678	1045
678	926
679	3618
680	1284
680	1309
681	1506
681	3149
681	92
682	1314
682	3779
683	738
683	522
684	826
684	145
685	998
685	1309
686	4101
687	926
687	179
687	1699
688	926
688	435
689	292
689	522
690	1216
690	1727
691	617
691	303
691	1309
692	922
693	859
694	656
694	916
695	96
695	916
696	3935
696	1309
697	704
697	303
697	92
697	3757
698	458
698	1320
699	1115
699	1548
700	195
700	1309
700	522
701	870
701	1665
702	580
702	1309
703	37
703	92
703	36
704	926
704	151
704	1665
705	1665
705	914
705	921
706	457
706	1321
706	926
707	1725
707	914
708	3412
708	1320
709	92
709	36
709	4275
710	926
710	66
710	1642
711	1074
711	906
711	926
712	368
712	522
713	1071
713	975
713	926
714	1334
714	914
715	916
715	1388
715	1678
716	1643
716	522
717	371
717	522
718	1377
718	1678
718	916
718	926
719	1039
719	303
720	926
720	530
720	1703
721	1507
721	3761
721	926
722	926
722	1191
722	1665
723	915
723	1733
724	2510
725	575
725	916
726	2232
726	2220
727	53
727	1702
729	916
729	1117
730	2341
730	926
730	843
731	916
731	1678
731	1682
732	1433
732	1642
733	1321
733	1646
734	2329
734	480
735	602
735	1320
735	926
736	926
736	677
736	1665
737	625
737	303
737	1551
738	97
738	414
738	1052
739	1715
739	914
740	2255
740	522
741	3185
741	97
741	1052
741	208
742	926
742	668
742	1665
744	371
744	522
744	914
745	659
745	916
746	91
746	1702
747	522
747	25
748	1651
749	973
749	4063
750	1064
750	1071
751	1273
751	1309
752	1174
752	1160
753	926
753	1320
753	1176
754	1173
754	1544
755	1659
755	303
755	522
757	860
757	303
758	833
758	479
759	1027
759	1702
760	46
760	1642
761	926
761	92
761	1506
761	846
762	926
762	144
762	92
762	36
763	4276
763	86
763	3757
763	522
764	92
764	1505
764	835
765	3932
765	1320
765	926
766	1321
766	1543
767	1664
767	92
768	1208
769	1699
769	1665
770	693
770	1321
770	926
771	1154
771	1474
772	4275
772	3065
772	36
773	826
773	479
774	2256
774	1702
775	690
775	1310
776	496
776	3761
776	926
777	1552
777	1462
779	617
779	303
779	1551
780	926
780	1335
780	1309
781	1301
781	3761
781	303
782	1552
782	1678
783	307
783	1309
784	899
784	1551
785	1498
785	914
786	698
786	92
786	36
786	303
787	926
787	1194
787	1665
788	3799
788	3278
788	1702
789	1457
789	303
789	36
790	1365
790	1666
790	914
791	3228
791	1699
792	3924
792	3779
793	1714
793	914
794	926
794	1355
794	843
795	926
795	1327
795	1320
795	1059
796	2459
796	1226
797	80
797	914
798	926
798	516
798	1702
799	737
799	522
800	439
800	303
801	826
801	557
802	926
802	259
802	843
803	3694
803	1206
804	109
804	522
805	578
805	1309
805	522
806	926
806	1700
806	1665
807	1376
808	916
808	1685
809	914
809	828
810	1308
810	1665
811	1431
811	1551
812	1505
812	92
813	926
813	1665
813	1673
814	1428
814	1309
815	566
815	1320
815	926
816	590
816	1702
817	926
817	458
817	1321
818	1280
819	1435
820	931
820	914
821	1389
821	1307
822	1330
822	1207
823	926
823	842
823	1665
824	1651
824	1320
824	926
825	916
825	637
826	1346
826	353
827	20
827	1642
828	926
828	301
828	92
829	189
829	3779
830	1397
830	543
831	1548
831	273
832	926
832	843
832	748
833	1995
833	92
833	303
834	1144
834	916
835	3198
835	2534
836	244
837	1529
838	914
838	1665
839	1192
840	384
840	1642
841	926
841	1321
841	1476
842	1740
842	3779
843	826
843	1321
844	926
844	1321
844	255
845	12
845	1320
845	926
846	916
846	1127
847	1246
847	914
848	379
848	303
849	926
849	1532
850	1225
850	1321
850	926
851	249
851	1702
852	469
853	138
854	303
854	916
854	133
855	485
855	522
856	548
856	3779
857	397
857	303
858	1320
858	4279
859	843
859	720
860	478
860	1665
861	1265
861	1320
861	926
862	1645
862	525
863	926
863	1665
863	193
864	3443
864	1681
865	1019
865	1702
866	178
866	4065
867	888
867	1346
868	661
868	916
869	556
869	1321
870	1486
870	1665
871	926
871	744
871	843
873	1660
874	1193
874	1691
875	1395
876	914
876	1174
877	1255
877	1309
877	522
878	965
878	916
879	462
879	914
880	914
880	1678
881	2511
881	4069
882	833
882	465
883	752
883	489
884	916
884	26
885	3831
885	914
885	1665
886	205
886	522
887	3385
887	1321
888	926
888	1181
888	1665
889	926
889	509
889	522
890	256
890	751
891	3347
891	1692
892	24
892	838
893	216
894	296
894	1320
894	926
895	340
895	303
897	92
897	1721
898	1232
898	1309
899	926
899	1723
899	916
900	557
900	1642
901	3163
901	3149
902	926
902	892
902	1642
903	660
903	916
904	1045
904	926
905	1437
905	303
905	926
906	1507
906	303
906	1320
907	525
907	1321
907	926
908	3796
909	926
909	1482
909	1665
910	926
910	817
910	335
911	926
911	192
911	1665
912	926
912	1452
912	1642
913	1037
913	1665
914	997
914	522
914	3778
915	826
915	116
916	419
917	1095
917	303
918	561
919	1677
919	1665
920	436
920	1168
920	522
921	926
921	1665
921	384
922	1522
922	1642
923	696
923	1551
924	92
924	1718
925	1104
925	3779
926	926
926	996
927	759
927	3800
928	2054
928	1642
929	926
929	663
929	1702
930	916
930	262
931	3189
931	522
931	1093
932	801
932	522
933	726
933	303
933	916
934	734
934	843
935	922
935	927
935	914
935	1665
936	1092
936	522
937	4069
937	1642
938	523
938	522
939	847
939	92
939	1309
940	1367
940	303
940	1321
941	1548
941	480
942	758
942	3800
943	246
943	3779
944	891
944	1346
945	104
945	250
946	1184
946	1665
947	916
947	653
948	926
948	92
948	485
949	926
949	1320
949	1665
950	833
950	1087
951	1287
951	3757
951	522
952	689
952	926
953	843
953	287
954	926
954	133
954	1665
955	914
955	1665
956	92
956	303
957	1754
957	97
957	1052
958	3524
959	725
959	303
959	522
960	926
960	377
960	1665
961	916
961	604
962	756
963	49
963	826
964	506
965	1282
965	158
965	1309
965	522
966	1421
966	1309
967	926
967	914
967	1119
967	1665
968	3931
968	1642
968	303
968	1310
968	1309
969	1404
969	1388
970	1445
970	1309
970	522
971	552
971	1310
971	522
971	303
972	1100
972	321
973	1177
974	628
974	522
974	1309
975	1437
977	1742
977	522
978	554
978	457
979	914
979	1666
980	92
980	36
980	1338
981	1421
981	1678
981	916
981	522
981	1309
982	2943
982	1642
982	522
983	3954
984	926
984	92
984	1331
985	736
985	522
986	1671
986	914
987	426
987	1333
988	1041
988	1321
989	454
989	1548
990	1471
990	1310
991	1665
991	914
991	1407
994	522
994	303
994	421
995	662
995	916
996	522
996	25
997	1682
998	916
998	3935
998	1678
999	926
999	1551
999	897
1000	926
1000	897
1000	1548
1001	914
1001	4364
1002	522
1002	241
1003	694
1003	1310
1005	722
1005	92
1005	36
1005	926
1006	926
1006	773
1006	916
1007	1548
1007	2293
1008	1437
1008	303
1008	3779
1009	1519
1009	340
1010	926
1010	1489
1010	1665
1011	372
1011	916
1012	926
1012	318
1012	843
1013	926
1013	1447
1014	1969
1014	914
1015	926
1015	496
1015	1665
1016	237
1016	3779
1017	1785
1017	1702
1018	4063
1018	2469
1019	1382
1019	528
1020	3779
1020	1508
1021	689
1021	1321
1021	926
1022	3956
1023	1970
1023	1702
1024	1665
1024	342
1025	554
1025	853
1026	926
1026	529
1026	1321
1027	1183
1028	2451
1028	1665
1029	563
1029	522
1030	302
1031	926
1031	1109
1031	914
1031	1665
1032	1666
1032	411
1033	3761
1033	1982
1034	508
1035	914
1035	167
1035	1665
1036	926
1036	522
1036	174
1037	6
1037	3800
1038	624
1038	303
1038	1551
1039	818
1039	914
1040	926
1040	1222
1040	1320
1041	721
1041	972
1042	826
1042	1511
1043	926
1043	1321
1043	708
1044	861
1045	926
1045	199
1045	303
1046	1357
1047	566
1047	1309
1047	1642
1048	522
1048	1059
1049	764
1049	3800
1050	1391
1051	926
1051	666
1051	1700
1052	1310
1052	914
1053	886
1053	1309
1053	522
1054	1709
1054	1665
1055	1646
1055	3779
1056	2
1056	522
1056	303
1057	2454
1057	1665
1058	18
1059	926
1059	1045
1059	1320
1060	926
1060	1441
1060	1309
1061	225
1061	303
1062	507
1062	522
1062	3757
1063	1315
1063	3779
1064	1066
1064	1350
1065	171
1065	522
1065	1309
1066	926
1066	1455
1066	1642
1067	559
1067	1309
1067	522
1068	119
1068	1700
1069	370
1069	92
1070	3585
1071	501
1071	1320
1071	926
1072	885
1072	1309
1072	522
1073	926
1073	1249
1074	377
1074	1642
1075	936
1075	1309
1075	522
1076	522
1076	1098
1077	1059
1079	1860
1079	1702
1080	926
1080	1321
1080	375
1081	303
1081	807
1082	600
1082	916
1083	769
1084	926
1084	1509
1084	158
1085	3977
1086	1199
1086	1207
1087	1320
1087	1508
1088	1375
1088	1548
1089	1551
1089	1365
1090	1505
1090	303
1090	1321
1091	1665
1091	914
1091	442
1092	1508
1092	1551
1093	634
1094	835
1094	847
1095	333
1095	303
1096	3761
1096	1140
1096	926
1097	926
1097	130
1097	92
1098	647
1098	916
1099	916
1099	1684
1100	36
1100	1544
1101	209
1102	1176
1102	1041
1103	916
1103	1411
1104	792
1104	1207
1105	137
1106	3749
1106	1321
1106	926
1107	926
1107	1321
1107	1545
1109	4074
1109	926
1109	1321
1110	1257
1110	1309
1110	522
1111	1310
1111	914
1112	1702
1112	1150
1113	131
1113	522
1114	727
1114	303
1114	916
1115	926
1115	985
1115	1642
1116	793
1116	443
1117	3349
1118	92
1118	830
1119	1520
1119	1642
1120	1321
1120	1388
1121	926
1121	670
1121	1702
1122	926
1122	1143
1122	1665
1123	3347
1123	1694
1124	1328
1124	522
1125	1665
1125	914
1125	1710
1125	826
1126	955
1126	1551
1126	303
1126	522
1127	762
1127	1309
1127	1653
1127	522
1128	444
1128	303
1128	522
1129	926
1129	1665
1129	184
1130	330
1130	303
1131	926
1131	250
1131	1320
1132	534
1132	914
1133	3779
1133	1439
1134	368
1134	432
1135	1193
1135	1689
1136	769
1136	522
1136	1309
1137	833
1137	499
1138	1029
1138	1702
1139	905
1139	701
1139	926
1140	1689
1140	193
1141	914
1141	1969
1142	522
1142	3778
1142	1011
1143	837
1143	875
1144	687
1144	1507
1145	1665
1145	1175
1146	4082
1146	1321
1147	480
1147	4063
1148	716
1148	843
1150	4069
1150	1226
1151	826
1151	1508
1152	3901
1152	1642
1153	926
1153	17
1153	1678
1153	916
1154	733
1154	843
1155	30
1155	3779
1156	2057
1157	303
1157	1321
1158	826
1158	118
1159	914
1159	1170
1160	525
1160	1160
1161	1399
1161	303
1161	1321
1161	926
1162	1748
1163	926
1163	950
1163	1702
1164	3443
1164	1691
1165	1380
1165	1321
1166	926
1166	197
1166	1666
1167	3779
1167	525
1168	878
1168	843
1169	1507
1169	303
1169	1676
1169	522
1170	522
1170	1309
1170	1
1171	939
1172	368
1172	1335
1173	1321
1173	1507
1173	836
1174	995
1175	2901
1175	522
1175	202
1176	826
1176	141
1177	926
1177	558
1177	1678
1177	916
1178	1642
1178	2657
1179	1549
1179	1307
1180	92
1180	539
1181	1245
1181	1702
1182	1153
1182	1474
1183	1151
1183	1474
1184	926
1184	1369
1184	1678
1184	916
1185	1263
1185	1309
1186	406
1187	2727
1187	916
1188	489
1188	1058
1189	536
1189	3779
1190	69
1190	1655
1191	709
1191	522
1191	1656
1192	1174
1192	1665
1193	43
1193	1665
1193	914
1193	926
1194	175
1194	303
1195	245
1195	522
1196	92
1196	1698
1197	434
1197	522
1197	1309
1198	926
1198	936
1199	1552
1199	543
1200	926
1200	816
1200	1321
1201	387
1201	1507
1202	1552
1202	3779
1204	867
1205	3761
1205	525
1206	71
1206	1309
1207	1647
1207	1074
1208	854
1208	1506
1209	646
1209	916
1210	380
1210	926
1210	158
1211	36
1211	1647
1212	92
1212	1505
1213	1035
1213	3761
1213	926
1214	799
1214	522
1215	952
1215	916
1216	134
1216	3778
1216	1665
1216	914
1217	916
1217	121
1218	1299
1218	3761
1218	303
1219	2717
1219	1665
1220	161
1220	1321
1220	926
1221	1433
1221	1528
1222	515
1223	1370
1224	926
1224	1083
1224	1506
1224	92
1225	1157
1225	1702
1226	1216
1226	525
1227	615
1227	1551
1227	303
1228	218
1228	1321
1228	926
1229	627
1229	1309
1229	522
1230	916
1230	639
1231	923
1231	522
1232	926
1232	1166
1232	1702
1233	30
1233	522
1234	922
1235	1648
1235	1506
1236	926
1236	1371
1236	1678
1236	916
1237	926
1237	1150
1237	1665
1238	926
1238	1321
1238	407
1239	1437
1239	522
1241	2341
1241	1700
1242	1508
1242	1506
1243	1511
1243	303
1243	1321
1244	822
1244	522
1245	926
1245	112
1245	158
1246	1421
1246	1388
1247	926
1247	757
1248	155
1248	92
1248	36
1249	129
1250	92
1250	36
1250	2860
1251	929
1251	1702
1252	613
1252	303
1252	1551
1253	837
1254	621
1254	522
1254	1309
1255	1416
1255	1551
1256	1665
1256	914
1256	269
1257	486
1257	303
1258	926
1258	1293
1258	1642
1259	628
1259	1551
1259	303
1260	1172
1260	1321
1260	926
1261	1364
1261	1642
1262	1710
1262	1665
1263	1212
1263	914
1264	1457
1264	303
1265	1192
1266	611
1266	522
1266	3778
1267	1506
1267	352
1268	863
1268	541
1268	1506
1270	990
1270	522
1270	1309
1271	303
1271	267
1272	826
1272	1087
1273	406
1274	926
1274	772
1274	843
1275	926
1275	1520
1275	92
1276	681
1276	916
1277	522
1277	1549
1278	3186
1278	97
1278	1052
1279	926
1279	823
1279	1321
1280	598
1280	1320
1280	926
1281	2530
1282	499
1282	1321
1282	926
1282	92
1283	620
1283	1551
1283	303
1284	584
1284	1702
1285	1320
1285	1500
1286	1290
1286	3757
1286	522
1287	2
1288	1097
1288	303
1289	926
1289	360
1289	1321
1289	303
1290	60
1290	926
1292	92
1292	481
1293	608
1293	1309
1293	522
1294	1678
1294	1665
1295	852
1295	1642
1296	3778
1296	522
1297	1033
1297	1702
1298	308
1298	1642
1299	1954
1299	1939
1300	3619
1300	1161
1301	514
1301	522
1302	1069
1302	3800
1303	914
1303	216
1303	1665
1304	1178
1305	259
1305	1665
1306	926
1306	843
1306	316
1307	522
1307	1309
1307	710
1308	605
1308	522
1308	1309
1309	2328
1309	340
1310	357
1310	522
1311	2784
1311	303
1311	1551
1312	926
1312	843
1312	73
1313	916
1313	1382
1313	1678
1314	522
1314	303
1316	824
1316	1506
1317	926
1317	151
1317	1320
1318	362
1319	3779
1319	1506
1320	785
1320	1702
1321	797
1321	522
1322	999
1322	522
1323	3604
1323	1161
1324	926
1324	1487
1324	1665
1325	1508
1325	36
1326	525
1326	3761
1326	926
1327	1665
1327	1705
1328	431
1328	1320
1328	926
1329	2198
1329	1309
1330	1508
1330	1421
1331	4261
1331	522
1333	1853
1333	1939
1334	629
1334	522
1335	1278
1335	1309
1335	522
1336	1074
1336	1542
1337	926
1337	1174
1337	1321
1338	92
1338	378
1339	926
1339	669
1339	1665
1340	826
1340	457
1342	1034
1342	1702
1343	926
1343	664
1343	1702
1344	1650
1344	303
1345	1400
1345	1421
1346	922
1347	1507
1347	303
1347	1320
1348	3839
1348	1665
1348	914
1349	1280
1349	1309
1350	4069
1350	1321
1351	3779
1351	1309
1353	916
1353	504
1353	1678
1354	1177
1354	1665
1355	1953
1355	1939
1356	1978
1356	1702
1357	51
1358	3800
1358	945
1359	375
1359	914
1360	1261
1360	3757
1361	771
1361	303
1361	1642
1362	374
1362	522
1363	655
1363	916
1364	926
1364	521
1365	52
1366	544
1366	1321
1366	926
1367	926
1367	1665
1367	308
1368	926
1368	38
1368	916
1368	1678
1369	1665
1369	1701
1370	843
1370	795
1371	926
1371	1454
1371	1642
1372	926
1372	92
1372	818
1373	1118
1373	303
1374	2716
1374	837
1374	1667
1375	1320
1375	1692
1376	2919
1376	849
1377	721
1377	1160
1378	36
1378	1982
1379	1851
1379	1666
1380	914
1380	3418
1381	1303
1381	1309
1382	2469
1382	914
1383	1474
1383	914
1384	914
1384	1665
1385	926
1385	38
1386	210
1386	522
1387	926
1387	914
1387	1665
1388	742
1388	522
1390	784
1390	1207
1391	1174
1392	1152
1392	1474
1393	1651
1393	1074
1394	3253
1394	916
1395	413
1395	1309
1396	2037
1396	1702
1397	926
1397	1321
1397	1507
1397	832
1398	596
1398	916
1399	926
1399	906
1399	1320
1400	1174
1401	1173
1401	1689
1403	3401
1403	1969
1404	1173
1404	832
1404	522
1405	926
1405	1532
1406	825
1406	919
1407	1782
1407	1939
1408	3761
1408	1140
1409	1309
1409	522
1409	305
1410	259
1410	2469
1411	303
1411	699
1412	926
1412	1453
1412	1642
1413	3995
1413	916
1414	126
1414	1655
1415	765
1415	522
1416	1417
1416	1551
1417	3343
1417	1665
1418	527
1418	1309
1419	3929
1420	926
1420	1449
1420	1642
1421	303
1421	404
1422	479
1422	522
1423	863
1424	926
1424	1451
1424	1642
1425	122
1425	2469
1426	916
1426	547
1427	4275
1427	92
1427	36
1429	4063
1429	92
1430	573
1430	916
1431	1148
1432	36
1432	1338
1433	3761
1433	458
1434	843
1434	706
1435	1666
1435	914
1439	240
1439	914
1439	1678
1440	312
1441	1413
1441	914
1441	1665
1442	1207
1443	1490
1443	914
1444	808
1444	303
1445	926
1445	531
1445	1309
1446	1178
1446	1665
1447	1347
1447	837
1448	1662
1448	303
1448	522
1449	926
1449	315
1450	3396
1450	1161
1451	278
1452	3838
1453	3616
1454	1096
1454	303
1455	916
1455	34
1456	522
1456	897
1457	1506
1457	2565
1458	916
1458	1310
1459	2233
1459	1642
1460	652
1460	916
1461	1530
1461	1405
1462	1142
1462	916
1463	522
1464	3779
1464	501
1465	1541
1465	1310
1466	697
1466	926
1467	525
1468	1499
1468	4063
1469	1063
1469	303
1470	1665
1470	914
1470	1352
1471	1549
1471	3779
1472	2297
1472	4063
1473	887
1473	1309
1473	522
1475	3007
1475	914
1475	1665
1476	3743
1476	1320
1476	926
1477	1174
1477	1168
1478	1321
1478	1692
1479	2919
1479	1074
1480	519
1480	1309
1480	522
1481	1383
1481	3779
1482	2051
1483	916
1483	1688
1484	899
1484	1507
1485	884
1485	1321
1486	1371
1487	1665
1487	1703
1488	324
1488	1321
1489	3903
1489	1362
1489	1642
1490	1318
1490	3779
1491	1648
1491	1388
1491	1321
1492	92
1492	1331
1493	4364
1493	1665
1494	914
1494	752
1495	1045
1495	1665
1496	385
1497	916
1497	3927
1497	3920
1497	1678
1498	211
1498	1309
1498	522
1499	712
1499	522
1500	2455
1500	1665
1501	319
1501	3761
1501	926
1502	2237
1503	347
1504	522
1504	1309
1504	172
1505	2304
1505	2080
1506	1025
1506	1702
1507	1506
1507	33
1508	791
1508	1207
1509	914
1509	1666
1510	1173
1510	181
1511	1155
1511	1474
1512	4264
1512	1310
1513	926
1513	398
1513	1321
1515	926
1515	183
1515	1678
1515	916
1516	1211
1517	1128
1517	916
1518	1007
1518	522
1518	3778
1519	1405
1520	916
1520	682
1521	3956
1522	180
1522	1310
1523	1857
1523	1666
1524	926
1526	522
1526	126
1528	916
1528	914
1528	839
1529	916
1529	1136
1530	826
1530	356
1531	891
1532	926
1532	1320
1532	714
1533	926
1533	1488
1533	1665
1534	1431
1534	1642
1535	1320
1535	1733
1536	1171
1537	145
1537	522
1538	926
1538	993
1539	698
1539	92
1539	36
1540	654
1540	916
1541	69
1541	914
1542	1070
1542	1350
1543	36
1543	900
1544	926
1544	1341
1544	914
1544	522
1545	2451
1545	914
1546	826
1546	92
1547	1112
1547	1321
1548	1506
1548	1530
1549	216
1549	1388
1551	473
1551	303
1552	782
1552	1207
1553	254
1553	1309
1554	1193
1554	4330
1555	1169
1556	457
1556	1548
1558	916
1558	1306
1559	926
1559	32
1560	585
1560	1309
1561	1271
1561	522
1561	1309
1562	916
1562	2713
1563	1744
1563	522
1563	3778
1563	13
1563	924
1564	336
1565	926
1565	693
1565	1320
1566	1707
1566	1665
1567	926
1567	279
1567	1665
1568	926
1568	85
1568	1309
1568	905
1568	522
1569	826
1569	1506
1570	650
1570	916
1571	1678
1571	1077
1572	1648
1572	838
1573	1220
1573	284
1574	522
1574	1309
1574	754
1575	137
1575	1320
1575	926
1576	693
1576	1642
1577	522
1577	1168
1577	384
1578	616
1578	1551
1578	303
1578	522
1579	1274
1579	522
1579	3757
1580	19
1580	303
1581	271
1581	1207
1582	303
1582	700
1583	3349
1583	1642
1584	718
1584	843
1585	916
1585	82
1586	455
1586	1702
1587	916
1587	1422
1587	1678
1588	1499
1588	522
1588	1309
1589	1161
1589	1239
1590	542
1591	844
1591	554
1594	826
1594	978
1595	1421
1595	303
1595	1321
1596	1262
1596	522
1596	3757
1597	1939
1597	1701
1598	916
1598	35
1599	392
1599	914
1600	576
1600	916
1601	36
1601	1647
1601	838
1602	992
1603	926
1603	1665
1603	1192
1604	294
1604	916
1605	926
1605	1320
1605	868
1606	916
1606	187
1606	1678
1607	4024
1607	1309
1607	1642
1608	914
1608	1495
1609	3977
1609	522
1610	458
1610	838
1611	1504
1611	36
1612	1506
1612	92
1613	522
1613	1368
1614	260
1614	522
1615	1665
1615	102
1616	926
1616	1398
1616	1678
1616	916
1617	1173
1617	1692
1618	894
1618	1642
1619	926
1619	916
1619	341
1619	158
1620	3252
1620	914
1620	1665
1621	382
1621	158
1622	1260
1622	1321
1622	926
1623	1178
1623	1207
1624	916
1624	417
1624	1678
1625	301
1625	303
1625	522
1626	1552
1627	467
1627	1642
1627	1676
1629	916
1629	826
1629	834
1629	1678
1630	1440
1630	914
1630	1665
1630	926
1631	2329
1631	1665
1632	3916
1632	1309
1633	3538
1634	124
1634	1310
1635	916
1635	967
1636	3306
1636	1702
1637	588
1637	1702
1640	181
1640	1321
1640	926
1641	4392
1641	1665
1643	926
1643	594
1643	1702
1644	862
1645	451
1645	1507
1646	1074
1646	914
1646	1665
1647	190
1647	1309
1647	522
1648	288
1649	1173
1649	1681
1650	1388
1650	1506
1651	522
1651	25
1652	303
1652	836
1653	1747
1653	1321
1654	926
1654	1125
1654	1332
1655	926
1655	1167
1655	1702
1657	851
1657	3761
1657	926
1659	1366
1659	1307
1660	113
1660	303
1660	522
1662	926
1662	1738
1662	1642
1663	219
1663	1665
1664	916
1664	595
1665	1805
1665	1642
1666	926
1666	277
1666	1665
1666	914
1667	1302
1667	3761
1667	303
1668	1207
1669	914
1669	303
1669	567
1669	1665
1670	1224
1671	1405
1671	303
1671	1321
1672	914
1672	954
1673	92
1673	3761
1673	1507
1674	438
1674	1320
1674	926
1675	883
1675	1732
1676	2870
1676	1551
1676	1647
1676	303
1677	2967
1677	1642
1678	3779
1678	216
1679	1035
1679	92
1680	1652
1680	1324
1681	92
1681	1507
1681	1320
1682	3532
1682	1056
1682	1548
1683	926
1683	164
1683	1665
1684	926
1684	843
1684	79
1685	950
1685	522
1686	1288
1686	522
1686	3757
1687	3581
1688	926
1688	1122
1688	914
1688	1665
1689	926
1689	914
1689	1665
1690	1067
1690	36
1691	926
1691	683
1691	1700
1692	2247
1692	2469
1693	1523
1693	1642
1694	1258
1694	3757
1695	3977
1695	36
1696	1699
1696	1666
1697	1004
1697	522
1697	3778
1698	522
1698	1013
1698	202
1698	1324
1698	303
1699	2304
1699	4063
1700	1780
1700	1939
1701	1967
1702	1807
1702	169
1703	926
1703	125
1703	1665
1704	1733
1704	1074
1705	407
1705	1309
1705	1642
1706	3167
1706	522
1706	1969
1709	3617
1710	1640
1710	3757
1711	818
1711	1309
1711	1091
1712	2686
1712	843
1713	1057
1713	3761
1714	3343
1714	926
1714	1331
1716	1353
1716	838
1716	522
1717	926
1717	1483
1717	1665
1718	303
1718	1403
1719	1368
1719	1307
1720	498
1720	303
1721	1702
1722	926
1722	944
1723	1665
1723	1175
1724	338
1724	1665
1725	522
1725	253
1726	1713
1726	914
1727	2051
1727	826
1728	926
1728	693
1728	914
1729	926
1729	1159
1729	1702
1730	522
1730	1437
1731	2229
1732	1374
1732	522
1732	3778
1733	1256
1733	1321
1733	926
1734	1174
1735	1045
1735	1321
1736	926
1736	671
1736	1702
1737	36
1737	689
1738	926
1738	1295
1738	1642
1739	719
1739	843
1740	926
1740	728
1740	843
1741	185
1741	1310
1742	930
1742	303
1742	1642
1743	589
1744	926
1744	1354
1744	914
1744	1665
1745	232
1745	522
1746	3977
1746	522
1747	1026
1747	1702
1748	22
1748	914
1749	2566
1749	1552
1750	4225
1750	1702
1751	1665
1751	1702
1752	1665
1752	2717
1753	926
1753	1005
1754	893
1755	926
1755	540
1756	926
1756	1485
1756	1665
1757	98
1757	1321
1757	926
1758	926
1758	1320
1758	356
1759	2454
1759	914
1760	1321
1760	1036
1761	1323
1761	1207
1762	877
1762	843
1763	1192
1763	303
1763	3761
1764	838
1764	1648
1765	893
1765	914
1766	522
1766	1365
1767	177
1767	1699
1768	126
1768	3761
1768	926
1769	579
1769	522
1769	3778
1770	453
1771	221
1771	1309
1771	522
1772	991
1772	522
1773	934
1773	1309
1773	522
1774	607
1775	119
1776	843
1776	1446
1777	926
1777	1480
1777	1665
1778	911
1778	3779
1779	1307
1779	3924
1780	1421
1780	158
1781	204
1782	788
1782	522
1783	1975
1784	1023
1784	1702
1785	926
1785	1320
1785	1507
1785	836
1786	972
1786	1969
1787	200
1788	926
1788	1320
1788	216
1789	189
1789	1642
1789	926
1790	1193
1790	1692
1791	1090
1791	522
1792	1528
1792	1388
1793	2464
1793	2309
1794	793
1794	1207
1795	1265
1795	3757
1795	522
1796	1740
1796	522
1797	1179
1797	1665
1798	3618
1798	1246
1799	3396
1799	1206
1800	449
1800	1309
1801	342
1801	522
1802	334
1802	3779
1803	610
1803	1551
1803	303
1804	1665
1804	914
1804	165
1805	152
1805	522
1806	525
1806	2566
1808	1279
1808	3757
1808	522
1809	914
1809	1236
1810	1525
1810	1642
1811	724
1811	1207
1812	1666
1812	914
1813	916
1813	966
1814	522
1814	1406
1815	692
1816	3408
1816	1321
1817	1346
1817	1461
1818	522
1818	202
1819	524
1819	1321
1819	926
1820	283
1820	1702
1821	916
1821	274
1821	1678
1822	597
1822	1309
1822	522
1823	926
1823	937
1823	1702
1824	837
1824	1753
1825	1346
1825	158
1826	926
1826	1443
1826	1309
1827	843
1827	837
1828	926
1828	657
1828	916
1829	1163
1829	1699
1830	1074
1830	4194
1831	522
1831	1648
1832	926
1832	446
1832	1702
1833	1080
1833	130
1834	926
1834	1496
1834	1665
1835	1535
1835	522
1836	926
1836	1658
1837	1264
1837	1309
1838	602
1838	1320
1838	926
1839	2051
1839	1506
1840	514
1840	522
1841	425
1841	1321
1842	755
1842	1207
1843	1213
1843	1506
1844	1321
1844	3932
1845	458
1845	838
1846	522
1846	1309
1846	438
1847	1384
1847	1307
1848	276
1848	1074
1849	984
1849	335
1850	158
1850	1728
1851	1321
1851	1309
1852	163
1853	926
1853	185
1854	90
1854	3757
1855	1996
1855	1508
1856	815
1856	303
1857	2327
1857	914
1858	741
1858	522
1859	926
1859	1678
1859	916
1859	1310
1860	10
1860	1309
1860	522
1861	956
1862	1272
1862	1320
1862	926
1863	3349
1864	1747
1864	1665
1864	914
1865	343
1865	522
1866	206
1866	303
1867	3652
1867	3652
1868	770
1868	1642
1868	303
1868	1309
1868	522
1869	947
1869	522
1870	798
1870	522
1871	1111
1872	1534
1872	522
1873	897
1873	914
1874	926
1874	440
1874	1642
1875	3619
1875	1161
1876	926
1876	1097
1876	843
1877	303
1877	342
1877	1666
1878	1382
1878	346
1879	916
1879	826
1879	1678
1879	1310
1880	1969
1880	4063
1881	1292
1881	3757
1881	522
1882	1539
1882	3757
1883	162
1883	1309
1883	522
1884	926
1884	1319
1884	843
1885	689
1885	926
1887	3255
1887	914
1887	1665
1888	926
1888	92
1888	713
1889	522
1889	106
1890	926
1890	1173
1890	1665
1891	1088
1892	926
1892	1186
1892	1642
1893	979
1893	68
1893	36
1894	1820
1894	1702
1895	926
1895	909
1895	1321
1896	1225
1897	926
1897	906
1897	188
1897	1551
1897	303
1898	914
1898	4040
1899	2223
1900	667
1900	1665
1901	549
1901	1309
1901	522
1902	426
1902	914
1903	198
1903	914
1904	657
1904	3230
1905	344
1906	991
1907	4154
1907	3778
1907	522
1908	303
1908	41
1909	926
1909	1175
1909	1678
1910	214
1910	818
1911	1508
1911	1388
1912	158
1912	1074
1914	1428
1914	1388
1915	1021
1915	1702
1916	1509
1916	831
1917	4053
1917	914
1918	532
1918	36
1919	33
1919	3761
1919	926
1920	1320
1920	303
1921	926
1921	358
1922	1461
1923	761
1923	1309
1923	522
1924	105
1924	522
1925	826
1926	1105
1927	1269
1927	522
1927	3757
1928	3612
1928	1702
1929	339
1929	1665
1930	916
1930	1674
1932	807
1932	3757
1932	404
1933	645
1933	916
1934	953
1934	522
1935	1320
1935	303
1935	1506
1936	926
1936	525
1936	1665
1937	926
1937	1190
1937	1665
1938	926
1938	388
1939	168
1940	926
1940	1321
1940	239
1941	522
1941	1309
1941	282
1942	787
1942	1207
1943	331
1943	1310
1944	1741
1944	303
1944	522
1945	48
1945	36
1946	980
1946	303
1946	92
1947	1044
1948	1741
1948	303
1948	837
1948	1667
1950	1321
1951	2063
1951	1666
1952	415
1953	4032
1954	926
1954	1501
1954	1665
1955	368
1955	1320
1955	926
1956	1716
1956	914
1957	926
1957	1665
1957	1338
1958	1219
1958	1702
1958	926
1959	926
1959	1321
1959	571
1960	1177
1962	926
1962	1038
1962	1470
1963	3425
1964	1481
1964	853
1965	926
1965	1556
1965	1320
1966	1666
1966	914
1967	163
1968	1068
1968	1310
1969	926
1969	714
1969	36
1970	1245
1970	914
1971	926
1971	1486
1971	1665
1972	1061
1972	3778
1973	110
1973	92
1973	3761
1973	926
1974	731
1974	843
1975	926
1975	1738
1975	1642
1976	763
1976	1309
1976	522
1977	303
1977	1699
1978	2906
1978	914
1979	1398
1979	1548
1980	303
1980	33
1981	1087
1981	914
1982	1309
1982	1665
1983	1388
1983	303
1983	1321
1984	582
1984	1309
1984	522
1985	926
1985	100
1985	92
1986	522
1986	1309
1986	986
1987	916
1987	968
1988	1323
1988	522
1988	1309
1989	92
1989	3779
1989	1087
1990	1511
1990	1321
1990	926
1991	926
1991	286
1991	843
1992	461
1992	4330
1993	926
1993	1321
1993	405
1994	831
1994	1507
1995	943
1996	1428
1996	1310
1997	861
1997	1388
1999	933
1999	303
1999	1642
2000	4120
2000	36
2001	3345
2002	1697
2002	1354
2003	826
2003	324
2004	143
2005	1321
2005	1304
2006	1460
2007	525
2007	732
2008	914
2008	1666
2009	1353
2009	3761
2009	926
2010	1510
2010	833
2011	3343
2011	1689
2012	463
2012	303
2012	1321
2013	926
2013	1313
2013	916
2013	303
2014	1193
2014	1691
2015	3443
2015	1689
2016	237
2016	1321
2016	926
2017	916
2017	120
2017	1678
2018	303
2018	457
2019	926
2019	1492
2019	1665
2020	926
2020	1114
2020	914
2020	1665
2021	1708
2021	1665
2022	2234
2022	3757
2022	522
2023	926
2023	238
2024	735
2024	522
2025	4264
2025	1309
2026	159
2027	92
2027	203
2028	1642
2028	806
2029	926
2029	142
2029	1702
2030	216
2030	1421
2031	783
2031	1207
2032	926
2032	1378
2032	1678
2032	916
2033	1272
2033	3757
2033	522
2034	165
2034	303
2035	702
2035	303
2036	832
2036	1665
2036	914
2037	233
2037	1665
2037	914
2037	3757
2038	1799
2038	1939
2039	335
2039	850
2040	1510
2040	522
2040	303
2041	2016
2042	1516
2042	1642
2043	916
2043	635
2044	1183
2044	1207
2045	926
2045	745
2045	843
2046	777
2046	1207
2047	926
2047	226
2048	10
2048	1309
2048	522
2049	1219
2049	1506
2050	1388
2050	303
2050	1321
2051	1360
2051	303
2051	1551
2052	468
2052	1310
2053	926
2053	1666
2053	1182
2054	236
2054	3761
2054	926
2055	926
2055	753
2055	843
2056	733
2056	3778
2057	3779
2057	1310
2058	926
2058	858
2058	914
2058	1665
2059	464
2059	1642
2059	303
2060	1187
2060	303
2061	926
2061	1120
2061	914
2061	1665
2062	926
2062	909
2062	1320
2063	3932
2063	303
2063	1642
2064	764
2064	522
2065	2279
2065	1700
2066	272
2067	1554
2067	3761
2067	926
2068	926
2068	74
2068	1702
2069	926
2069	1665
2069	1343
2070	326
2070	826
2071	92
2071	36
2071	4065
2072	626
2072	303
2072	1551
2073	926
2073	1294
2073	1642
2074	92
2074	1747
2075	722
2075	92
2075	303
2075	522
2076	789
2076	1207
2077	926
2077	1320
2077	1042
2078	1944
2078	916
2079	3977
2079	1320
2080	1320
2080	4275
2081	2452
2081	1665
2082	88
2082	522
2083	914
2083	1405
2083	1666
2084	843
2084	2812
2085	148
2086	739
2086	522
2087	389
2087	1173
2088	826
2088	1665
2088	914
2088	167
2089	1199
2089	1320
2090	1658
2090	1309
2090	522
2090	303
2091	36
2091	1059
2092	4069
2092	1388
2093	553
2093	522
2094	843
2094	876
2095	962
2095	914
2096	3977
2098	914
2098	1474
2099	309
2099	522
2100	1326
2100	522
2102	447
2102	1320
2102	926
2103	614
2103	522
2103	3778
2104	1980
2104	1666
2105	926
2105	1456
2105	1642
2106	692
2107	1187
2107	1320
2107	926
2109	693
2109	1506
2110	1425
2110	916
2110	1051
2110	1678
2111	998
2111	522
2111	1309
2112	212
2113	10
2113	1642
2114	1092
2114	522
2115	1332
2116	128
2116	522
2117	926
2117	317
2117	1647
2118	926
2118	1542
2119	926
2119	780
2120	926
2120	946
2120	1702
2121	1506
2121	1642
2122	1744
2122	3761
2123	833
2123	458
2124	1145
2124	916
2125	574
2125	916
2126	36
2126	4065
2127	926
2127	955
2128	1405
2128	1665
2128	914
2129	926
2129	964
2129	843
2130	4263
2130	522
2131	469
2131	522
2132	824
2132	1507
2133	150
2133	914
2134	1042
2134	1665
2135	1393
2135	1321
2135	303
2136	1221
2137	1042
2137	1321
2138	92
2138	522
2139	1515
2139	36
2140	522
2140	202
2140	705
2141	926
2141	1665
2141	914
2142	1031
2142	1702
2143	926
2143	389
2143	826
2143	1506
2144	92
2144	303
2144	860
2145	2900
2145	158
2146	3779
2146	1544
2147	972
2147	1665
2148	841
2149	926
2149	1084
2149	1506
2149	92
2150	1475
2150	304
2151	916
2151	834
2151	1678
2152	824
2152	1732
2153	1270
2153	522
2153	1309
2154	1321
2154	1379
2155	2232
2155	259
2155	678
2156	1665
2156	914
2156	1394
2157	843
2157	872
2158	926
2158	315
2159	268
2159	1332
2160	926
2160	1351
2162	4281
2162	36
2163	1514
2163	1321
2164	203
2164	554
2165	1192
2165	303
2165	1321
2166	818
2166	1548
2167	427
2168	916
2168	644
2169	1665
2170	27
2170	1309
2170	522
2171	992
2171	522
2171	1309
2172	2331
2172	1700
2174	207
2174	843
2175	926
2175	1665
2175	1341
2176	1298
2176	1309
2177	826
2177	533
2178	1697
2178	1346
2178	1306
2179	926
2179	1508
2179	1642
2180	926
2180	960
2181	1702
2181	3648
2182	926
2182	747
2182	843
2183	276
2183	3779
2184	942
2185	2254
2185	1665
2186	100
2186	1321
2186	926
2187	4074
2189	1206
2189	1161
2190	463
2190	92
2190	1310
2191	926
2191	92
2191	1552
2192	495
2193	1517
2193	1642
2194	702
2195	487
2195	1642
2196	926
2196	868
2196	1665
2197	146
2198	2232
2198	678
2198	1207
2199	1682
2199	1665
2200	926
2200	1702
2200	586
2201	16
2201	522
2201	926
2202	1666
2202	914
2203	1030
2203	1702
2204	970
2204	522
2205	658
2205	916
2207	296
2207	92
2208	216
2208	1321
2209	2530
2209	525
2210	261
2210	1320
2210	926
2211	401
2212	926
2212	1131
2212	1642
2213	1044
2213	1665
2214	1174
2215	1552
2215	522
2216	33
2216	1321
2216	926
2217	555
2217	1309
2217	522
2218	926
2218	1450
2218	1642
2219	826
2219	407
2220	914
2220	1207
2221	77
2221	1321
2221	926
2222	916
2222	1698
2223	1022
2223	1702
2225	2218
2225	1642
2226	1444
2226	1309
2227	837
2227	1346
2228	300
2228	3761
2228	926
2229	92
2229	303
2229	876
2230	1383
2230	522
2232	1653
2232	1324
2234	926
2234	1173
2234	1332
2236	835
2236	838
2237	2051
2237	1548
2238	625
2238	1551
2238	303
2239	688
2239	914
2240	926
2240	1322
2240	1321
2241	218
2241	1321
2241	926
2242	345
2242	1309
2242	522
2243	1651
2243	4274
2245	3592
2245	1702
2246	522
2246	958
2247	545
2247	303
2248	916
2248	649
2249	926
2249	60
2249	522
2250	926
2250	173
2250	92
2250	36
2251	407
2251	833
2252	3396
2254	926
2254	1642
2254	957
2254	816
2255	303
2255	281
2256	1285
2256	1309
2256	522
2257	1094
2257	303
2258	914
2258	852
2259	1353
2259	522
2260	926
2260	1678
2261	926
2261	674
2261	1665
2262	303
2262	1500
2262	1642
2263	926
2263	289
2263	1665
2263	914
2264	1998
2264	1666
2265	232
2265	833
2266	952
2266	1309
2267	898
2267	404
2268	2453
2268	1665
2269	1103
2269	914
2270	3604
2270	1242
2271	926
2271	103
2271	92
2271	1321
2272	3652
2272	1469
2273	3443
2273	935
2274	1330
2274	1309
2274	522
2275	888
2276	916
2276	1385
2276	1678
2277	1189
2277	1665
2278	707
2278	1310
2278	905
2279	633
2279	303
2279	1551
2280	1320
2280	1733
2281	2326
2281	1700
2282	786
2282	1207
2283	4099
2284	1548
2284	1405
2285	1762
2285	1702
2286	826
2286	107
2287	1962
2287	916
2288	36
2288	1337
2289	926
2289	776
2289	1642
2289	1678
2289	916
2291	926
2291	1735
2291	914
2291	522
2292	926
2292	450
2292	843
2293	926
2293	126
2293	1320
2294	857
2295	525
2295	1307
2296	926
2296	1149
2296	1702
2297	92
2297	4275
2297	36
2298	38
2298	1081
2299	926
2299	1216
2299	1321
2300	4281
2300	303
2300	522
2301	916
2301	577
2302	1386
2302	926
2304	55
2304	303
2305	1663
2305	1682
2306	914
2306	1665
2306	921
2308	843
2308	196
2309	926
2309	914
2309	1665
2310	3616
2312	916
2312	550
2313	1683
2313	914
2313	1666
2314	609
2315	916
2315	569
2316	926
2316	1135
2316	1321
2317	926
2317	1321
2317	356
2318	258
2318	1642
2319	97
2319	1052
2319	3143
2320	3761
2320	1439
2321	4404
2321	1665
2322	3830
2322	1665
2322	914
2323	431
2323	1309
2323	522
2324	926
2324	1553
2324	92
2325	1469
2325	1526
2326	407
2326	303
2327	1372
2327	1321
2327	926
2328	1346
2328	43
2329	3457
2329	900
2330	922
2331	1320
2331	1729
2332	2740
2332	1332
2333	914
2333	1470
2334	1254
2334	1321
2334	926
2336	7
2336	153
2337	926
2337	729
2337	843
2338	216
2338	2571
2339	829
2339	914
2340	4322
2340	914
2341	184
2341	1667
2341	837
2342	1312
2342	926
2342	843
2343	522
2343	1309
2343	712
2344	2925
2344	838
2345	926
2345	843
2345	437
2346	522
2346	1309
2346	882
2347	926
2347	306
2348	255
2349	916
2349	1682
2350	472
2351	466
2352	4325
2352	914
2353	864
2354	1513
2354	1642
2355	257
2355	522
2356	1320
2356	303
2356	1346
2357	217
2357	914
2358	2349
2358	1700
2359	4124
2360	826
2360	463
2361	381
2361	1702
2362	59
2362	3761
2362	926
2364	1642
2364	961
2365	1193
2365	181
2366	97
2366	57
2366	1052
2367	1178
2368	926
2368	1491
2368	1665
2369	306
2369	3779
2370	1413
2371	2330
2371	843
2372	1545
2374	4363
2375	843
2375	3870
2377	3862
2378	1870
2379	2744
2379	3876
2380	916
2380	3845
2381	843
2381	3874
2382	843
2382	3887
2383	3845
2383	4362
2384	916
2384	3845
2385	3881
2386	3882
2387	843
2387	4580
2388	4364
2389	916
2390	843
2390	4670
2391	3259
2391	3259
2391	1332
2392	916
2392	1678
2393	843
2394	843
2395	916
2396	843
2397	4364
2398	914
2398	522
2399	916
2399	4610
2400	916
2401	826
2401	914
2401	1665
2402	843
2402	4638
2403	522
2403	916
2404	916
2405	4503
2406	1124
2406	1332
2406	522
2407	932
2408	2807
2409	1346
2410	422
2411	843
2411	4560
2412	92
2413	843
2413	4505
2414	2947
2415	843
2415	4628
2416	826
2416	914
2416	1665
2417	1320
2418	1665
2419	4609
2420	1691
2421	916
2421	1678
2422	916
2422	1678
2423	916
2423	1678
2424	916
2424	1678
2425	916
2425	1678
2426	916
2426	1678
2427	916
2427	1678
2428	916
2428	1678
2429	916
2429	1678
2430	916
2430	1678
2431	916
2431	1678
2432	916
2432	1678
2433	916
2433	1678
2434	916
2434	1678
2435	916
2435	1678
2436	916
2436	1678
2437	916
2437	1678
2438	916
2438	1678
2439	916
2439	1678
2440	916
2440	1678
2441	916
2441	1678
2442	916
2442	1678
2443	916
2443	1678
2446	2799
2446	522
2446	3778
2447	1642
2448	1147
2448	522
2449	1447
2450	1388
2451	1045
2451	926
2452	1666
2453	1310
2454	2060
2455	228
2455	522
2456	1665
2457	1665
2458	4397
2459	365
2460	916
2460	1678
2461	1321
2461	926
2462	1506
2462	2853
2463	1667
2463	837
2464	1665
2465	1642
2465	2775
2466	303
2466	1642
2467	1702
2468	1394
2469	1665
2470	522
2471	1320
2471	926
2472	1704
2472	522
2473	1321
2473	926
2474	522
2475	676
2476	2755
2476	1321
2476	926
2477	1642
2479	2794
2479	68
2480	303
2480	1421
2481	2754
2481	1321
2481	926
2482	1668
2482	522
2483	522
2484	2566
2485	838
2485	914
2486	2757
2486	1321
2486	926
2487	303
2487	1642
2488	1309
2489	1106
2490	1665
2491	303
2492	1678
2492	916
2493	8
2494	852
2495	1321
2495	926
2497	2777
2497	303
2498	916
2498	1678
2499	2756
2499	1321
2499	926
2500	916
2500	2741
2500	1678
2501	1701
2502	914
2502	1665
2503	1665
2504	522
2505	1665
2506	1320
2506	926
2507	673
2508	2329
2509	1642
2510	3770
2511	1665
2512	303
2513	1320
2513	926
2514	1320
2515	916
2515	2732
2515	1678
2516	1419
2516	522
2517	2716
2517	1678
2518	1702
2518	2030
2519	843
2519	1309
2520	1321
2520	926
2521	1665
2522	2776
2522	303
2523	2769
2523	1353
2523	92
2524	522
2525	840
2526	522
2527	2905
2528	1675
2528	522
2529	478
2530	1665
2531	299
2532	2741
2533	914
2533	2803
2534	1107
2535	1642
2536	1320
2536	926
2537	303
2537	1642
2538	1665
2539	303
2539	926
2540	900
2541	916
2541	1678
2542	1320
2542	926
2543	1320
2543	926
2544	1521
2545	1321
2545	926
2546	2773
2546	303
2547	92
2548	2771
2548	1399
2549	1353
2549	926
2550	1310
2551	1665
2552	1320
2552	926
2553	1642
2553	303
2554	906
2555	1665
2555	914
2556	1506
2557	404
2557	92
2557	1665
2557	914
2558	1702
2559	303
2559	1642
2561	1702
2562	303
2563	1673
2563	522
2564	368
2565	303
2566	1665
2567	2919
2568	303
2569	2308
2570	303
2571	672
2572	2775
2572	303
2573	1642
2574	675
2575	1665
2576	2735
2576	97
2576	1052
2577	1309
2578	826
2579	303
2580	522
2581	1744
2582	1761
2582	1702
2583	1520
2584	303
2584	1642
2585	1346
2586	1396
2586	926
2587	303
2587	1642
2588	1320
2588	926
2589	92
2590	1548
2591	2308
2592	1665
2593	1665
2594	1405
2594	303
2595	1516
2596	1320
2596	926
2597	4840
2598	1939
2598	2730
2600	905
2600	926
2601	97
2601	1052
2602	55
2603	1320
2603	926
2604	1309
2605	1665
2606	522
2607	303
2608	1320
2608	926
2609	522
2610	1702
2611	1321
2611	926
2612	1320
2612	926
2613	3149
2614	303
2614	926
2615	1218
2616	2778
2616	303
2617	1320
2617	926
2618	1521
2619	1702
2620	1642
2620	303
2621	1888
2622	926
2623	3770
2624	501
2625	1665
2626	522
2627	1701
2628	522
2629	303
2630	303
2631	1320
2631	926
2632	303
2633	1320
2633	926
2634	1320
2634	926
2635	1321
2635	926
2636	1320
2636	926
2637	1335
2638	2779
2638	303
2639	1388
2639	303
2640	1507
2640	832
2641	1523
2642	1706
2642	522
2643	303
2643	1642
2644	1321
2645	303
2646	522
2647	1321
2647	926
2648	1707
2648	522
2649	1642
2650	1702
2652	303
2653	914
2654	1677
2654	522
2655	1437
2656	522
2657	2905
2658	1350
2659	914
2660	1309
2661	522
2661	1467
2662	522
2663	1744
2664	149
2664	522
2665	1310
2665	1421
2666	1320
2666	926
2667	2809
2668	909
2669	1321
2669	926
2670	1665
2671	1320
2671	839
2672	1642
2672	2778
2673	522
2675	1432
2675	1320
2675	926
2681	2308
2681	914
2684	1436
2684	1320
2684	926
2685	1506
2686	1506
2687	2663
2687	1665
2687	914
2688	2984
2688	1665
2688	914
2689	4848
2689	1665
2689	914
2690	487
2690	926
2691	1676
2691	926
2692	4082
2692	927
2693	1554
2693	926
2694	2081
2694	926
2695	3204
2695	926
2696	914
2696	926
2697	927
2697	926
2698	3195
2698	926
2699	2984
2699	926
2700	1047
2700	926
2701	838
2701	926
2702	921
2702	927
2703	927
2703	926
2704	702
2704	926
2705	914
2705	927
2706	4848
2706	926
2707	922
2707	926
2708	1335
2708	927
2709	1245
2709	926
2710	1360
2710	926
2711	921
2711	926
2712	919
2712	926
2713	3720
2713	926
2714	3204
2714	926
2715	3167
2715	926
2716	2919
2716	926
2717	912
2717	927
2718	922
2718	927
2719	1178
2719	926
2720	4325
2720	926
2721	1676
2722	1360
2723	3074
2724	829
2725	1551
2726	914
2727	1113
2728	1702
2729	2438
2730	3374
2731	1117
2732	828
2733	2330
2734	3210
2735	1263
2736	2081
2737	609
2738	4325
2739	3359
2740	1345
2741	4848
2742	923
2743	824
2744	478
2745	1050
2746	1982
2747	270
2748	1591
2749	149
2750	1666
2751	1388
2752	3204
2753	920
2754	3396
2755	2919
2756	689
2757	4079
2758	467
2759	2469
2760	1663
2761	1932
2762	972
2763	4069
2764	3401
2765	900
2766	1207
2767	2984
2768	922
2769	2983
2770	913
2771	1674
2772	1160
2773	522
2774	927
2775	1310
2776	921
2777	4322
2778	1551
2779	2565
2780	972
2781	522
2782	1542
2783	2571
2784	2571
2785	2566
2786	1321
2787	158
2788	2566
