1170	1
1056	2
1287	2
244	3
1037	6
2336	7
2493	8
2048	10
1860	10
2113	10
102	11
845	12
1563	13
180	14
2201	16
1153	17
1058	18
1580	19
827	20
202	21
1748	22
892	24
996	25
747	25
1651	25
884	26
2170	27
328	29
1233	30
1155	30
1559	32
1980	33
2216	33
1507	33
1919	33
1455	34
1598	35
585	36
1690	36
325	36
1945	36
182	36
421	36
284	36
1005	36
789	36
213	36
1601	36
1969	36
539	36
1893	36
514	36
2162	36
2000	36
1211	36
2250	36
454	36
762	36
124	36
1427	36
464	36
2297	36
41	36
772	36
294	36
242	36
1378	36
131	36
1611	36
2139	36
602	36
2288	36
672	36
1543	36
1100	36
1737	36
1432	36
980	36
1248	36
709	36
703	36
1539	36
786	36
2091	36
1250	36
1325	36
2126	36
1918	36
1695	36
550	36
2071	36
639	37
703	37
1385	38
1368	38
2298	38
629	39
430	40
1908	41
488	42
1193	43
2328	43
635	44
236	45
760	46
1945	48
963	49
1357	51
1365	52
727	53
52	54
2602	55
2304	55
2366	57
167	58
2362	59
2249	60
1290	60
505	61
221	63
514	64
124	64
355	65
248	65
710	66
1893	68
13	68
2479	68
1190	69
1541	69
625	70
1206	71
1312	73
2068	74
577	75
502	76
2221	77
1684	79
797	80
1585	82
294	83
1568	85
763	86
2082	88
659	89
1854	90
746	91
1612	92
1224	92
2149	92
1989	92
697	92
296	92
2324	92
1985	92
1282	92
182	92
828	92
1888	92
956	92
1005	92
948	92
939	92
1097	92
2191	92
215	92
1946	92
25	92
984	92
761	92
2229	92
1338	92
2138	92
2271	92
497	92
2075	92
322	92
2190	92
339	92
140	92
1372	92
117	92
1973	92
303	92
488	92
2074	92
553	92
1069	92
1275	92
2250	92
454	92
762	92
124	92
1427	92
464	92
2297	92
41	92
2412	92
833	92
2027	92
767	92
110	92
1681	92
628	92
668	92
2144	92
812	92
1679	92
1492	92
205	92
1180	92
561	92
1673	92
2557	92
980	92
592	92
1429	92
1248	92
709	92
1196	92
2589	92
681	92
443	92
1292	92
703	92
383	92
435	92
1539	92
786	92
1546	92
132	92
1118	92
1250	92
593	92
550	92
2071	92
2547	92
897	92
924	92
2523	92
764	92
1212	92
90	92
2207	92
265	94
42	95
695	96
2601	97
1278	97
741	97
2576	97
738	97
2319	97
254	97
957	97
2366	97
1757	98
1985	100
2186	100
1615	102
2271	103
945	104
1924	105
1889	106
2286	107
469	108
86	109
804	109
1973	110
366	111
436	112
1245	112
1660	113
915	116
1158	118
1068	119
1775	119
2017	120
1217	121
1425	122
1634	124
1703	125
1414	126
1526	126
2293	126
1768	126
258	127
2116	128
1249	129
1833	130
108	130
1097	130
205	130
1113	131
589	132
854	133
25	133
954	133
1216	134
215	135
1105	137
1575	137
853	138
409	140
1176	141
2029	142
70	142
2004	143
762	144
451	145
1537	145
684	145
2197	146
2085	148
2664	149
239	149
2749	149
617	149
2133	150
1317	151
704	151
1805	152
355	153
2336	153
7	153
89	154
1248	155
184	156
627	157
1210	158
436	158
1245	158
1780	158
1084	158
965	158
447	158
364	158
81	158
275	158
1619	158
1912	158
406	158
2145	158
1825	158
1621	158
2787	158
1850	158
2026	159
1220	161
1883	162
1967	163
1852	163
1683	164
1804	165
2034	165
1035	167
2088	167
1939	168
1702	169
193	170
1065	171
1504	172
2250	173
660	174
1036	174
1194	175
197	176
1767	177
866	178
687	179
1522	180
125	181
74	181
1510	181
27	181
668	181
1640	181
2365	181
1515	183
2341	184
1129	184
1741	185
1853	185
578	186
1606	187
1897	188
829	189
1789	189
1647	190
329	191
339	191
911	192
863	193
1140	193
700	195
2308	196
1166	197
1903	198
570	198
1045	199
1787	200
5	201
247	202
1698	202
1818	202
1175	202
2140	202
2164	203
2027	203
1781	204
886	205
1866	206
2174	207
741	208
1101	209
1386	210
142	210
1498	211
612	211
2112	212
555	213
1910	214
275	215
1788	216
2030	216
1549	216
2338	216
1678	216
893	216
1303	216
320	216
550	216
2208	216
2357	217
1228	218
2241	218
1663	219
1771	221
669	223
1061	225
2047	226
615	227
2455	228
123	229
163	230
1745	232
2265	232
2037	233
287	234
2054	236
46	236
1016	237
2016	237
2023	238
1940	239
1439	240
1002	241
390	242
303	243
836	244
1195	245
943	246
504	247
315	248
851	249
945	250
1131	250
241	251
510	252
126	252
1725	253
1553	254
2348	255
423	255
844	255
567	256
890	256
2355	257
2318	258
802	259
2155	259
1410	259
1305	259
1614	260
34	260
2210	261
930	262
362	263
138	265
365	266
1271	267
2159	268
1256	269
2747	270
563	270
1581	271
2066	272
831	273
1821	274
204	275
2183	276
1848	276
538	276
1666	277
1451	278
1567	279
75	280
2255	281
1941	282
1820	283
1573	284
297	285
1991	286
11	287
953	287
1648	288
2263	289
85	290
638	291
689	292
314	293
1604	294
894	296
2207	296
87	297
284	298
288	299
2531	299
2228	300
1625	301
828	301
71	301
155	301
1030	302
78	303
1897	303
470	303
1411	303
126	303
1866	303
697	303
657	303
436	303
971	303
581	303
1625	303
994	303
1095	303
2013	303
1448	303
755	303
637	303
431	303
959	303
1652	303
854	303
1361	303
166	303
1868	303
956	303
1856	303
639	303
789	303
1056	303
4	303
2090	303
471	303
1980	303
895	303
1128	303
1983	303
1045	303
2247	303
800	303
496	303
2480	303
1090	303
1243	303
618	303
1946	303
1742	303
1999	303
857	303
2630	303
1289	303
2568	303
917	303
1454	303
2257	303
1288	303
719	303
1720	303
2229	303
2614	303
2012	303
2060	303
1580	303
1271	303
1920	303
1948	303
2075	303
322	303
1218	303
781	303
1667	303
95	303
848	303
520	303
307	303
1803	303
58	303
1259	303
1227	303
378	303
2238	303
523	303
1551	303
1114	303
933	303
1373	303
1582	303
1469	303
457	303
1169	303
2326	303
2594	303
1421	303
1660	303
117	303
2059	303
1126	303
303	303
1194	303
1157	303
2565	303
1595	303
2587	303
2466	303
2487	303
2643	303
2559	303
2607	303
2584	303
2537	303
2491	303
2579	303
2629	303
2632	303
2512	303
2652	303
2562	303
2072	303
2279	303
558	303
1038	303
779	303
1578	303
1252	303
369	303
691	303
633	303
1283	303
527	303
737	303
173	303
151	303
2304	303
2620	303
2639	303
2050	303
18	303
1081	303
833	303
437	303
1130	303
1344	303
1061	303
626	303
1698	303
615	303
1977	303
2144	303
2638	303
2497	303
2522	303
79	303
968	303
906	303
1347	303
2572	303
1257	303
2255	303
2135	303
940	303
2553	303
2616	303
534	303
2546	303
1264	303
2063	303
2300	303
435	303
62	303
1161	303
1669	303
636	303
1444	303
786	303
103	303
135	303
188	303
1671	303
632	303
445	303
413	303
287	303
2539	303
2051	303
542	303
1935	303
1877	303
1718	303
252	303
397	303
147	303
1676	303
757	303
2018	303
2035	303
409	303
2262	303
1908	303
1944	303
354	303
1314	303
905	303
1008	303
2034	303
2040	303
2356	303
2570	303
2645	303
1763	303
2165	303
630	303
1311	303
2150	304
1409	305
2347	306
2369	306
783	307
161	307
1298	308
1367	308
2099	309
44	310
1440	312
159	314
2158	315
1449	315
459	316
1306	316
2117	317
1012	318
1501	319
145	320
972	321
548	323
2003	324
1488	324
127	325
2070	326
632	328
626	329
1130	330
1943	331
116	332
1095	333
1802	334
910	335
219	335
2039	335
1849	335
109	335
1564	336
56	337
1724	338
1929	339
895	340
1009	340
1309	340
81	341
1619	341
14	342
103	342
69	342
188	342
1877	342
1801	342
1024	342
1865	343
1905	344
2242	345
1878	346
1503	347
433	350
194	351
349	351
1267	352
411	353
826	353
429	354
476	355
2317	356
36	356
1758	356
1530	356
1310	357
1921	358
63	359
1289	360
661	361
1318	362
545	363
298	363
164	364
2459	365
645	366
1134	368
2564	368
1172	368
563	368
1955	368
712	368
437	369
1069	370
744	371
717	371
1011	372
322	374
1362	374
1080	375
1359	375
624	376
1074	377
960	377
1338	378
848	379
1210	380
78	380
251	380
2361	381
1621	382
1577	384
560	384
840	384
921	384
1496	385
678	386
1201	387
1938	388
2087	389
2143	389
656	389
407	390
1599	392
185	393
129	396
857	397
1513	398
47	400
2211	401
144	403
2267	404
1932	404
1421	404
2557	404
1993	405
1273	406
1186	406
337	406
2326	407
1705	407
1238	407
2251	407
2219	407
676	410
1032	411
1395	413
738	414
1952	415
1624	417
414	418
916	419
360	420
994	421
2410	422
200	424
1841	425
1902	426
987	426
2167	427
182	428
621	428
487	429
452	430
1328	431
2323	431
1134	432
1197	434
688	435
920	436
2345	437
1846	438
1674	438
800	439
379	439
1874	440
521	441
1091	442
1116	443
1128	444
1832	446
2102	447
492	447
1800	449
2292	450
1645	451
276	452
1770	453
989	454
1586	455
186	456
706	457
1340	457
1556	457
978	457
2018	457
817	458
1433	458
1610	458
1845	458
2123	458
698	458
1992	461
879	462
2360	463
2012	463
2190	463
2059	464
642	465
882	465
2351	466
2758	467
53	467
1627	467
2052	468
852	469
2131	469
2350	472
1551	473
371	474
67	475
416	476
2529	478
2744	478
860	478
1422	479
758	479
773	479
114	480
941	480
1147	480
734	480
1292	481
948	485
855	485
1257	486
2690	487
2195	487
207	488
1188	489
883	489
2	490
101	491
17	492
245	493
203	494
2192	495
1015	496
776	496
1720	498
1137	499
646	499
1282	499
564	499
66	499
50	499
516	500
1464	501
1071	501
2624	501
557	502
481	503
572	503
1353	504
964	506
1062	507
1034	508
889	509
605	511
134	512
382	513
1301	514
1840	514
1222	515
798	516
1480	519
387	520
1364	521
543	521
193	522
407	522
996	522
220	522
1791	522
136	522
1526	522
1307	522
1865	522
971	522
2082	522
2131	522
2249	522
1625	522
994	522
689	522
414	522
1782	522
643	522
1053	522
2242	522
1448	522
2274	522
1473	522
1072	522
755	522
1988	522
1846	522
1934	522
129	522
1498	522
210	522
37	522
2246	522
637	522
2099	522
2483	522
2448	522
959	522
1244	522
1036	522
2606	522
2673	522
981	522
744	522
717	522
1907	522
2343	522
1136	522
238	522
1868	522
1647	522
1480	522
1065	522
368	522
2064	522
158	522
2093	522
2355	522
938	522
886	522
1331	522
2116	522
67	522
1310	522
634	522
1822	522
11	522
1170	522
1409	522
855	522
1056	522
2090	522
2100	522
1197	522
1124	522
1574	522
1415	522
747	522
591	522
2403	522
920	522
1614	522
34	522
1128	522
700	522
2048	522
390	522
1860	522
1889	522
392	522
506	522
244	522
1422	522
1301	522
1840	522
314	522
1923	522
1127	522
1976	522
2204	522
212	522
2664	522
366	522
1984	522
137	522
805	522
195	522
251	522
740	522
2022	522
2628	522
2626	522
2662	522
2474	522
2646	522
2504	522
2524	522
2580	522
2526	522
877	522
1110	522
575	522
2230	522
1883	522
1113	522
889	522
2086	522
2024	522
1870	522
395	522
683	522
932	522
1388	522
799	522
1214	522
985	522
1858	522
1321	522
415	522
234	522
121	522
1924	522
1872	522
93	522
1544	522
2138	522
1814	522
1613	522
442	522
465	522
970	522
1773	522
2217	522
1771	522
1075	522
345	522
1805	522
1029	522
763	522
2075	522
1233	522
1386	522
1362	522
2661	522
1568	522
1463	522
2654	522
2528	522
1869	522
1685	522
2	522
965	522
1335	522
2256	522
447	522
2033	522
1769	522
1561	522
2153	522
364	522
1795	522
2201	522
63	522
1195	522
1745	522
1067	522
1334	522
1229	522
2103	522
1254	522
26	522
181	522
84	522
1266	522
974	522
189	522
1308	522
1293	522
101	522
1941	522
329	522
936	522
914	522
374	522
1518	522
1697	522
255	522
2171	522
530	522
410	522
1322	522
1772	522
1270	522
338	522
2111	522
2455	522
276	522
1901	522
1169	522
1577	522
2482	522
2563	522
1651	522
804	522
560	522
1660	522
2656	522
1126	522
267	522
2291	522
1706	522
716	522
1588	522
2773	522
1002	522
982	522
2406	522
2609	522
1578	522
527	522
173	522
1732	522
484	522
19	522
167	522
162	522
73	522
2781	522
1796	522
1986	522
1062	522
1286	522
589	522
1579	522
1596	522
1686	522
559	522
1927	522
112	522
951	522
1808	522
259	522
20	522
456	522
1881	522
1537	522
626	522
1698	522
2259	522
635	522
1277	522
372	522
2446	522
2130	522
1563	522
2114	522
1818	522
387	522
1142	522
1076	522
1499	522
1766	522
1456	522
32	522
386	522
2398	522
2323	522
221	522
977	522
2300	522
1404	522
2472	522
2642	522
2648	522
563	522
1716	522
1730	522
103	522
2346	522
1191	522
1175	522
1725	522
2140	522
2170	522
1504	522
931	522
1801	522
2516	522
1835	522
1944	522
1314	522
1746	522
1609	522
1239	522
712	522
650	522
607	522
1048	522
1831	522
1231	522
2040	522
2470	522
2215	522
1296	522
665	522
938	523
1819	524
1226	525
235	525
1205	525
862	525
1936	525
2209	525
119	525
1326	525
1160	525
1467	525
907	525
2007	525
1167	525
2295	525
1806	525
422	525
1418	527
1019	528
1026	529
720	530
1445	531
1918	532
2177	533
1132	534
1189	536
474	538
1180	539
1755	540
1268	541
1590	542
830	543
363	543
1199	543
489	543
1366	544
600	545
2247	545
466	546
1426	547
856	548
1901	549
2312	550
602	551
971	552
2093	553
568	554
209	554
196	554
2164	554
1591	554
978	554
1025	554
2217	555
869	556
801	557
900	557
1177	558
1067	559
405	560
918	561
413	561
392	562
1029	563
344	565
1047	566
815	566
526	567
1669	567
2315	569
256	570
1959	571
495	572
1430	573
2125	574
725	575
1600	576
2301	577
805	578
1769	579
702	580
1984	582
1284	584
1560	585
2200	586
1637	588
1743	589
816	590
137	592
195	592
1643	594
1664	595
1398	596
1822	597
1280	598
340	599
1082	600
556	601
1838	602
735	602
961	604
1308	605
1774	607
1293	608
2737	609
2314	609
1803	610
1266	611
558	612
1252	613
2103	614
1227	615
1578	616
779	617
691	617
84	618
58	620
633	620
1283	620
1254	621
369	622
307	623
527	623
1038	624
2238	625
737	625
2072	626
378	627
1229	627
1259	628
974	628
1334	629
181	630
26	631
189	632
2279	633
1093	634
2043	635
434	636
825	637
1230	639
539	640
566	641
357	643
2168	644
1933	645
1209	646
1098	647
28	648
2248	649
1570	650
547	651
1460	652
947	653
1540	654
1363	655
694	656
1828	657
1904	657
2205	658
745	659
903	660
868	661
995	662
929	663
1343	664
216	665
1051	666
1900	667
742	668
1339	669
1121	670
1736	671
2571	672
2507	673
2261	674
2574	675
2475	676
736	677
2198	678
2155	678
39	679
1276	681
1520	682
1691	683
1144	687
2239	688
1885	689
952	689
2756	689
1737	689
1021	689
775	690
1815	692
2106	692
770	693
1565	693
1728	693
2109	693
1576	693
1003	694
923	696
1466	697
457	698
1539	698
786	698
1411	699
1582	700
1139	701
2194	702
2704	702
2035	702
65	703
470	704
697	704
2140	705
1434	706
2278	707
1043	708
506	709
268	709
1191	709
136	710
1307	710
579	711
2343	712
1499	712
1888	713
458	714
1532	714
1969	714
565	715
1148	716
318	717
1584	718
1739	719
859	720
1377	721
1041	721
1005	722
4	722
2075	722
243	722
464	722
1811	724
959	725
933	726
1114	727
1740	728
2337	729
38	730
1974	731
2007	732
1154	733
2056	733
934	734
2024	735
985	736
799	737
683	738
2086	739
121	740
1858	741
1388	742
395	743
871	744
2045	745
677	746
2182	747
832	748
302	749
890	751
883	752
52	752
567	752
1494	752
2055	753
1574	754
1842	755
962	756
347	756
380	757
1247	757
942	758
232	759
927	759
168	760
1923	761
1127	762
1976	763
1049	764
2064	764
1415	765
368	766
522	767
139	767
511	768
1136	769
1083	769
1868	770
1361	771
1274	772
1006	773
37	775
2289	776
2046	777
64	778
516	778
166	779
2119	780
210	781
1552	782
2031	783
1390	784
1320	785
2282	786
1942	787
1782	788
675	789
2076	789
100	790
1508	791
1104	792
1794	793
1116	793
643	794
1370	795
598	796
1321	797
1870	798
1214	799
234	800
932	801
19	803
356	805
2028	806
1932	807
1081	807
1444	808
397	809
412	812
507	814
1856	815
1200	816
153	816
2254	816
51	816
910	817
2166	818
1372	818
1910	818
1039	818
1711	818
1244	822
1279	823
1316	824
2132	824
2743	824
2152	824
1406	825
1272	826
564	826
66	826
548	826
2143	826
801	826
2286	826
1594	826
1340	826
642	826
362	826
487	826
159	826
1176	826
258	826
50	826
2360	826
963	826
2070	826
1925	826
1151	826
2416	826
2401	826
1569	826
1879	826
537	826
2088	826
1158	826
2177	826
178	826
1125	826
1530	826
2219	826
843	826
467	826
2578	826
616	826
1727	826
513	826
1042	826
2003	826
684	826
379	826
773	826
1629	826
1546	826
246	826
123	826
12	826
915	826
320	826
317	827
809	828
2732	828
2724	829
2339	829
1118	830
645	830
1916	831
1994	831
1397	832
2640	832
55	832
1404	832
2036	832
950	833
1137	833
882	833
758	833
656	833
2010	833
261	833
2123	833
2251	833
2265	833
389	833
2151	834
1629	834
594	835
1094	835
764	835
2236	835
1785	836
1652	836
1173	836
2341	837
1143	837
1948	837
2463	837
1824	837
1447	837
1374	837
2227	837
1253	837
1827	837
1601	838
892	838
1610	838
1845	838
2485	838
2701	838
115	838
1572	838
1764	838
281	838
1716	838
588	838
2344	838
2236	838
2671	839
1528	839
2525	840
2148	841
823	842
2342	843
2129	843
1274	843
43	843
1312	843
2055	843
459	843
164	843
953	843
2371	843
730	843
1684	843
2292	843
802	843
2345	843
1991	843
1306	843
168	843
1012	843
197	843
871	843
1154	843
2045	843
934	843
38	843
677	843
2157	843
832	843
1876	843
2182	843
2337	843
1776	843
2174	843
1884	843
1740	843
341	843
794	843
2393	843
2411	843
2387	843
2396	843
2390	843
348	843
1974	843
5	843
1739	843
1148	843
318	843
1584	843
1168	843
1762	843
31	843
2415	843
582	843
1712	843
404	843
304	843
2094	843
2519	843
2084	843
57	843
2375	843
598	843
1370	843
1434	843
2413	843
2394	843
2382	843
2381	843
2308	843
2402	843
1827	843
859	843
156	844
1591	844
448	846
761	846
620	846
939	847
1094	847
177	848
453	849
178	849
1376	849
2039	850
1657	851
2494	852
2258	852
1295	852
1964	853
174	853
619	853
117	853
1025	853
1208	854
273	856
2294	857
2058	858
693	859
285	860
2144	860
757	860
283	860
1044	861
1997	861
1644	862
1423	863
1268	863
2353	864
1204	867
1605	868
2196	868
6	869
343	869
701	870
2157	872
31	874
1143	875
652	876
2229	876
209	876
2094	876
1762	877
1168	878
79	879
2346	882
1675	883
1485	884
1072	885
1053	886
1473	887
2275	888
867	888
22	890
1531	891
944	891
619	892
902	892
1765	893
1754	893
1618	894
176	896
999	897
1000	897
1873	897
1456	897
2267	898
784	899
1484	899
2540	900
2765	900
361	900
1543	900
2329	900
169	903
62	904
208	904
587	905
2600	905
2278	905
1568	905
1139	905
1897	906
711	906
1399	906
141	906
2554	906
199	906
524	906
1895	909
2062	909
2668	909
1778	911
169	911
394	911
2717	912
2770	913
1981	914
1728	914
1216	914
2095	914
1132	914
2357	914
797	914
333	914
127	914
1541	914
669	914
809	914
744	914
2502	914
485	914
1809	914
1672	914
2133	914
22	914
1748	914
2037	914
328	914
2263	914
1620	914
1887	914
357	914
509	914
967	914
649	914
2061	914
1031	914
2020	914
1688	914
1689	914
1970	914
1263	914
714	914
1599	914
185	914
114	914
1903	914
820	914
60	914
1193	914
429	914
24	914
879	914
360	914
1159	914
1666	914
1873	914
2058	914
707	914
1744	914
1544	914
1630	914
476	914
631	914
198	914
441	914
16	914
2485	914
1902	914
356	914
2291	914
2141	914
705	914
2306	914
2239	914
396	914
661	914
1917	914
2689	914
2705	914
2726	914
2688	914
2696	914
2687	914
2681	914
94	914
580	914
1435	914
1509	914
2202	914
2008	914
1812	914
979	914
2416	914
2401	914
2098	914
785	914
1035	914
2258	914
876	914
2653	914
536	914
1545	914
1380	914
1646	914
453	914
2088	914
1765	914
1039	914
986	914
1608	914
570	914
2557	914
880	914
1384	914
483	914
1978	914
1898	914
1125	914
98	914
1383	914
2398	914
1857	914
1470	914
2313	914
2339	914
1669	914
69	914
1111	914
1966	914
172	914
790	914
2083	914
2128	914
1303	914
617	914
385	914
739	914
1726	914
793	914
2269	914
1956	914
311	914
376	914
1443	914
246	914
663	914
1382	914
1441	914
991	914
1864	914
123	914
1256	914
1804	914
1528	914
2036	914
2340	914
463	914
1759	914
2659	914
1359	914
1141	914
1052	914
2352	914
2220	914
671	914
2555	914
847	914
1494	914
1439	914
2156	914
1091	914
1387	914
2309	914
2533	914
1014	914
2333	914
306	914
1475	914
838	914
644	914
1348	914
233	914
885	914
10	914
2322	914
935	914
1001	914
955	914
270	915
723	915
286	916
1184	916
183	916
579	916
1153	916
2013	916
2289	916
624	916
48	916
2124	916
961	916
1368	916
2205	916
995	916
1363	916
694	916
903	916
745	916
1540	916
1828	916
2492	916
1520	916
1276	916
695	916
981	916
1859	916
854	916
2032	916
1006	916
1462	916
1517	916
597	916
1398	916
2403	916
75	916
555	916
1011	916
499	916
868	916
566	916
878	916
1215	916
1230	916
2043	916
825	916
556	916
1082	916
2248	916
1209	916
1933	916
1570	916
1098	916
1460	916
834	916
1217	916
468	916
718	916
533	916
1430	916
2125	916
1600	916
725	916
658	916
899	916
576	916
1604	916
452	916
1114	916
933	916
1515	916
14	916
1236	916
1616	916
1177	916
1619	916
434	916
1664	916
1497	916
290	916
1821	916
1313	916
1353	916
2389	916
2222	916
2276	916
1587	916
2424	916
2441	916
947	916
547	916
2312	916
2287	916
511	916
2500	916
998	916
1635	916
1455	916
1813	916
1987	916
1585	916
1426	916
1598	916
2017	916
884	916
930	916
2315	916
1187	916
1562	916
2400	916
552	916
2168	916
2515	916
1413	916
2110	916
2399	916
2440	916
1606	916
261	916
2301	916
2498	916
180	916
625	916
2541	916
2460	916
647	916
28	916
2380	916
846	916
2078	916
1458	916
1529	916
808	916
1483	916
2392	916
1930	916
130	916
1099	916
1558	916
2443	916
729	916
1528	916
2404	916
2384	916
670	916
1103	916
2395	916
538	916
1394	916
2349	916
715	916
2425	916
2421	916
2434	916
2439	916
2438	916
2435	916
2423	916
2430	916
2442	916
2428	916
2436	916
2427	916
2432	916
2433	916
2437	916
2422	916
2429	916
2431	916
2426	916
731	916
1624	916
2151	916
1879	916
12	916
1629	916
536	917
98	918
284	919
1406	919
2712	919
2753	920
705	921
2306	921
2711	921
2702	921
2776	921
172	921
1346	922
1234	922
692	922
2330	922
2707	922
2718	922
2768	922
385	922
935	922
2742	923
1231	923
1563	924
688	926
1210	926
1366	926
1043	926
610	926
1337	926
1937	926
722	926
1921	926
2362	926
721	926
787	926
1080	926
1107	926
713	926
1224	926
2149	926
1897	926
711	926
1399	926
448	926
425	926
2158	926
1449	926
596	926
458	926
1532	926
849	926
1405	926
770	926
1565	926
2299	926
888	926
438	926
1728	926
286	926
2586	926
1184	926
1026	926
1559	926
1940	926
183	926
1789	926
657	926
436	926
2324	926
1245	926
1071	926
1985	926
2186	926
1282	926
2249	926
182	926
1200	926
1575	926
1290	926
153	926
828	926
423	926
1785	926
66	926
2118	926
161	926
579	926
1153	926
365	926
1874	926
2013	926
2342	926
230	926
1729	926
795	926
571	926
1674	926
612	926
64	926
2289	926
516	926
624	926
2254	926
2180	926
2129	926
1279	926
629	926
548	926
48	926
194	926
236	926
371	926
687	926
216	926
1051	926
2261	926
1736	926
736	926
742	926
1339	926
1121	926
1343	926
929	926
1567	926
2210	926
1385	926
1368	926
411	926
1828	926
911	926
2293	926
1768	926
2143	926
660	926
1036	926
1605	926
2196	926
999	926
1657	926
108	926
1691	926
1662	926
1859	926
421	926
1397	926
1895	926
1888	926
608	926
1965	926
2032	926
1006	926
1274	926
2119	926
43	926
1312	926
815	926
522	926
2055	926
380	926
1247	926
1756	926
2019	926
263	926
2368	926
1834	926
2107	926
2054	926
46	926
1122	926
150	926
753	926
1603	926
850	926
841	926
1777	926
720	926
200	926
1364	926
543	926
156	926
1317	926
704	926
902	926
22	926
1367	926
370	926
1832	926
584	926
521	926
2212	926
1000	926
256	926
667	926
1424	926
1371	926
1066	926
2218	926
459	926
634	926
706	926
2228	926
2263	926
2105	926
1420	926
1412	926
912	926
1643	926
1280	926
340	926
1838	926
735	926
1005	926
133	926
948	926
213	926
1836	926
332	926
1097	926
2068	926
1109	926
1237	926
400	926
1962	926
2675	926
2684	926
357	926
509	926
967	926
1232	926
473	926
1655	926
2061	926
1031	926
2020	926
1688	926
1689	926
730	926
2296	926
2316	926
1166	926
152	926
2053	926
2234	926
1703	926
1129	926
590	926
295	926
88	926
894	926
309	926
1909	926
2451	926
2216	926
1919	926
1684	926
2292	926
802	926
1971	926
462	926
274	926
486	926
1533	926
909	926
1324	926
1010	926
2345	926
1991	926
1306	926
863	926
1938	926
1084	926
1045	926
1892	926
600	926
474	926
710	926
1975	926
2191	926
1959	926
215	926
910	926
168	926
1328	926
1958	926
1012	926
197	926
1193	926
25	926
984	926
1654	926
623	926
954	926
1714	926
1890	926
2200	926
2029	926
798	926
572	926
659	926
245	926
605	926
1954	926
128	926
2631	926
2666	926
2588	926
2513	926
2608	926
2603	926
2612	926
2542	926
2473	926
2461	926
2634	926
2633	926
2669	926
2506	926
2545	926
2596	926
2520	926
2536	926
2611	926
2471	926
2635	926
1289	926
844	926
2647	926
2636	926
2334	926
1622	926
1733	926
718	926
1258	926
1738	926
186	926
627	926
533	926
2221	926
373	926
2073	926
1683	926
889	926
904	926
2077	926
8	926
1666	926
806	926
871	926
2045	926
677	926
823	926
761	926
832	926
1876	926
2182	926
2337	926
2058	926
2614	926
565	926
899	926
77	926
51	926
50	926
1744	926
2160	926
1260	926
1544	926
1513	926
1993	926
2175	926
2069	926
1957	926
2062	926
2600	926
2271	926
497	926
1131	926
576	926
2317	926
1630	926
418	926
1826	926
541	926
1060	926
1969	926
539	926
676	926
1755	926
2347	926
1853	926
1115	926
824	926
476	926
631	926
1059	926
1936	926
1568	926
433	926
512	926
125	926
1885	926
1722	926
1163	926
1823	926
2120	926
1445	926
2117	926
1198	926
1862	926
861	926
102	926
2201	926
63	926
1228	926
523	926
2241	926
1220	926
656	926
1884	926
1740	926
341	926
794	926
780	926
247	926
1015	926
776	926
678	926
817	926
76	926
1040	926
641	926
926	926
1753	926
544	926
1538	926
2240	926
2302	926
2047	926
1515	926
2023	926
14	926
1788	926
198	926
1757	926
441	926
2179	926
398	926
1073	926
86	926
960	926
1758	926
1236	926
1616	926
225	926
526	926
272	926
949	926
1372	926
1973	926
1177	926
2127	926
1238	926
301	926
202	926
488	926
553	926
921	926
81	926
356	926
2291	926
388	926
275	926
1619	926
813	926
2141	926
1717	926
292	926
952	926
1466	926
1275	926
396	926
2260	926
2250	926
762	926
124	926
464	926
41	926
180	926
594	926
661	926
494	926
219	926
449	926
2711	926
2712	926
2709	926
2693	926
2698	926
2704	926
2700	926
2701	926
2719	926
2713	926
2706	926
2695	926
2707	926
2715	926
2699	926
2703	926
2720	926
2716	926
2710	926
2694	926
2690	926
2697	926
2696	926
2691	926
2714	926
1139	926
162	926
73	926
1476	926
765	926
27	926
2327	926
1501	926
205	926
1021	926
1640	926
91	926
1106	926
2495	926
2486	926
2499	926
467	926
2102	926
2552	926
2549	926
1990	926
2476	926
1326	926
2481	926
2009	926
1013	926
1955	926
1161	926
845	926
2067	926
1213	926
2543	926
2617	926
385	926
2539	926
1096	926
2622	926
2016	926
907	926
1819	926
208	926
905	926
1387	926
2309	926
1524	926
2692	927
2708	927
2705	927
2718	927
2703	927
2717	927
2702	927
2697	927
2774	927
935	927
1251	929
1742	930
820	931
2407	932
1999	933
1773	934
2273	935
1075	936
1198	936
1823	937
372	938
1171	939
386	940
665	941
2184	942
1995	943
1722	944
1358	945
2120	946
1869	947
665	947
330	949
170	949
1163	950
1685	950
634	951
1215	952
2266	952
1934	953
1672	954
1126	955
2127	955
1861	956
2254	957
2246	958
637	959
2180	960
2364	961
2095	962
431	963
2129	964
878	965
1813	966
1635	967
1987	968
212	969
2204	970
1041	972
2762	972
2147	972
2780	972
1786	972
749	973
713	975
618	976
1594	978
13	978
1893	979
568	980
1946	980
445	980
109	981
219	982
581	983
514	984
1849	984
1115	985
1986	986
374	987
503	989
1270	990
1906	991
1772	991
2171	992
1602	992
1538	993
338	993
410	994
1174	995
926	996
914	997
2111	998
685	998
1322	999
641	1000
530	1001
662	1002
148	1003
1697	1004
544	1004
1753	1005
255	1006
1518	1007
111	1008
1142	1011
1698	1013
865	1019
606	1020
1915	1021
2223	1022
1784	1023
614	1024
1506	1025
1747	1026
759	1027
666	1028
1138	1029
2203	1030
2142	1031
30	1032
1297	1033
1342	1034
133	1035
213	1035
332	1035
1679	1035
592	1035
1213	1035
512	1036
1760	1036
913	1037
1962	1038
719	1039
421	1040
1102	1041
988	1041
2077	1042
2137	1042
2134	1042
2213	1044
1947	1044
2451	1045
904	1045
1059	1045
678	1045
1735	1045
1495	1045
2700	1047
211	1048
466	1049
2745	1050
2110	1051
1278	1052
2576	1052
2319	1052
146	1052
254	1052
2601	1052
2366	1052
738	1052
957	1052
741	1052
1682	1056
1713	1057
1188	1058
90	1058
230	1059
795	1059
1077	1059
2091	1059
1048	1059
1972	1061
585	1062
1469	1063
750	1064
450	1065
1064	1066
1690	1067
1968	1068
1302	1069
108	1070
1542	1070
713	1071
750	1071
450	1072
325	1073
711	1074
1848	1074
1646	1074
1479	1074
1912	1074
1207	1074
1830	1074
1704	1074
1336	1074
1393	1074
1571	1077
430	1078
425	1079
1833	1080
2298	1081
199	1082
1224	1083
2149	1084
446	1086
950	1087
1989	1087
1272	1087
1981	1087
1891	1088
220	1089
1791	1090
1711	1091
936	1092
2114	1092
931	1093
2257	1094
917	1095
1454	1096
1288	1097
1876	1097
1076	1098
972	1100
2269	1103
925	1104
1926	1105
2489	1106
2534	1107
509	1108
1031	1109
649	1110
473	1110
1871	1111
1547	1112
2727	1113
670	1113
477	1113
403	1113
2020	1114
699	1115
2731	1117
729	1117
1373	1118
967	1119
2061	1120
584	1121
1688	1122
468	1123
2406	1124
1654	1125
597	1126
846	1127
1517	1128
515	1129
370	1129
532	1130
2212	1131
346	1132
310	1134
2316	1135
1529	1136
158	1139
1408	1140
1096	1140
300	1140
650	1140
613	1141
1462	1142
1122	1143
834	1144
2124	1145
499	1146
2448	1147
1431	1148
8	1148
2296	1149
1237	1150
400	1150
1112	1150
1183	1151
1392	1152
1182	1153
771	1154
1511	1155
1225	1157
571	1158
1729	1159
1377	1160
47	1160
336	1160
560	1160
2772	1160
752	1160
1160	1160
401	1160
319	1160
1450	1161
2189	1161
1323	1161
293	1161
1300	1161
367	1161
1589	1161
1875	1161
477	1161
1829	1163
595	1164
1232	1166
1655	1167
920	1168
1577	1168
1477	1168
1555	1169
1159	1170
184	1170
401	1170
1536	1171
1260	1172
179	1173
2087	1173
2234	1173
1890	1173
1649	1173
1510	1173
754	1173
1401	1173
377	1173
1617	1173
1404	1173
1	1173
610	1174
1337	1174
1391	1174
1192	1174
876	1174
752	1174
2214	1174
1400	1174
1734	1174
1477	1174
593	1174
306	1174
1909	1175
631	1175
1723	1175
1145	1175
753	1176
1102	1176
107	1176
426	1176
1960	1177
973	1177
1354	1177
150	1178
309	1178
1623	1178
1304	1178
2719	1178
2367	1178
1446	1178
278	1178
1797	1179
438	1180
888	1181
2053	1182
2044	1183
1027	1183
946	1184
1892	1186
2107	1187
2060	1187
191	1189
80	1189
2277	1189
1937	1190
439	1190
722	1191
1265	1192
1603	1192
171	1192
839	1192
1763	1192
2165	1192
2365	1193
227	1193
1135	1193
2014	1193
1554	1193
874	1193
1790	1193
787	1194
2089	1199
482	1199
1086	1199
122	1200
1799	1206
2189	1206
803	1206
266	1206
45	1206
100	1207
1794	1207
1508	1207
1390	1207
2282	1207
2031	1207
1942	1207
1552	1207
675	1207
1104	1207
2076	1207
2046	1207
2044	1207
1623	1207
2766	1207
1761	1207
2198	1207
143	1207
1668	1207
482	1207
269	1207
478	1207
1581	1207
1086	1207
1842	1207
1811	1207
822	1207
2220	1207
1442	1207
768	1208
1516	1211
1263	1212
1843	1213
119	1213
1226	1216
2299	1216
690	1216
2615	1218
1958	1219
2049	1219
1573	1220
2136	1221
399	1222
76	1222
1040	1222
590	1224
295	1224
1670	1224
1896	1225
850	1225
796	1226
1150	1226
898	1232
253	1233
485	1235
1809	1236
293	1237
269	1239
479	1239
1589	1239
528	1240
655	1241
2270	1242
1970	1245
1181	1245
2709	1245
1798	1246
847	1246
1073	1249
672	1253
2334	1254
877	1255
1733	1256
1110	1257
1694	1258
575	1259
1622	1260
1360	1261
1596	1262
1185	1263
2735	1263
1837	1264
861	1265
1795	1265
490	1266
559	1268
1927	1269
2153	1270
1561	1271
2033	1272
1862	1272
751	1273
1579	1274
640	1275
574	1275
20	1276
364	1277
1335	1278
1808	1279
1349	1280
818	1280
456	1281
965	1282
447	1282
375	1283
680	1284
2256	1285
291	1286
951	1287
1686	1288
259	1289
1286	1290
112	1291
1881	1292
1258	1293
2073	1294
1738	1295
373	1296
82	1297
2176	1298
1218	1299
95	1300
781	1301
1667	1302
1381	1303
2005	1304
475	1304
2178	1306
1558	1306
326	1306
1179	1307
1847	1307
821	1307
1659	1307
1719	1307
2295	1307
1779	1307
88	1308
388	1308
810	1308
253	1309
1307	1309
783	1309
1053	1309
2242	1309
2274	1309
1473	1309
1072	1309
1988	1309
1846	1309
1800	1309
129	1309
1498	1309
210	1309
37	1309
2660	1309
2604	1309
981	1309
2343	1309
1136	1309
238	1309
1868	1309
163	1309
1047	1309
302	1309
1553	1309
1647	1309
1480	1309
1065	1309
1632	1309
532	1309
1822	1309
11	1309
1170	1309
1409	1309
1418	1309
939	1309
2090	1309
1197	1309
1574	1309
1329	1309
700	1309
2048	1309
390	1309
1860	1309
392	1309
1923	1309
1127	1309
1976	1309
2266	1309
1984	1309
137	1309
805	1309
195	1309
2577	1309
877	1309
1110	1309
1381	1309
575	1309
2176	1309
1883	1309
2226	1309
442	1309
465	1309
970	1309
1826	1309
541	1309
1060	1309
1773	1309
2217	1309
1771	1309
1075	1309
345	1309
1568	1309
1395	1309
1445	1309
2	1309
965	1309
751	1309
1837	1309
1335	1309
2256	1309
447	1309
574	1309
1560	1309
1185	1309
291	1309
1561	1309
2153	1309
364	1309
680	1309
702	1309
1349	1309
1067	1309
1229	1309
1254	1309
26	1309
181	1309
974	1309
189	1309
1308	1309
1293	1309
101	1309
1941	1309
780	1309
374	1309
255	1309
2171	1309
1270	1309
338	1309
2111	1309
664	1309
1901	1309
36	1309
966	1309
1851	1309
1705	1309
1588	1309
2025	1309
685	1309
503	1309
1607	1309
691	1309
633	1309
1986	1309
814	1309
1206	1309
453	1309
1351	1309
2519	1309
968	1309
21	1309
2323	1309
351	1309
2346	1309
898	1309
696	1309
2170	1309
1504	1309
1982	1309
1711	1309
2488	1309
354	1309
990	1310
106	1310
971	1310
1859	1310
2550	1310
1465	1310
142	1310
1741	1310
2278	1310
1003	1310
2190	1310
276	1310
155	1310
2775	1310
1879	1310
968	1310
1458	1310
1512	1310
2453	1310
1111	1310
226	1310
59	1310
1522	1310
1943	1310
1634	1310
2052	1310
1968	1310
775	1310
1996	1310
1052	1310
35	1310
2665	1310
2057	1310
2342	1312
2013	1313
682	1314
1063	1315
540	1317
1490	1318
1884	1319
1399	1320
1532	1320
1565	1320
1071	1320
1575	1320
423	1320
1785	1320
230	1320
795	1320
1674	1320
612	1320
2210	1320
411	1320
2293	1320
1605	1320
608	1320
1965	1320
815	1320
2107	1320
150	1320
753	1320
1317	1320
370	1320
1280	1320
340	1320
1838	1320
735	1320
2089	1320
2675	1320
2684	1320
473	1320
894	1320
600	1320
1328	1320
2417	1320
2631	1320
2666	1320
2588	1320
2513	1320
2608	1320
2603	1320
2612	1320
2542	1320
2634	1320
2633	1320
2506	1320
2596	1320
2536	1320
2471	1320
2514	1320
2636	1320
2077	1320
50	1320
2062	1320
1131	1320
1920	1320
418	1320
824	1320
1059	1320
1862	1320
861	1320
1040	1320
1788	1320
398	1320
1758	1320
949	1320
2280	1320
248	1320
1285	1320
708	1320
1476	1320
765	1320
2331	1320
1375	1320
1681	1320
498	1320
2080	1320
2671	1320
906	1320
1347	1320
55	1320
2102	1320
2552	1320
1535	1320
601	1320
1955	1320
845	1320
2543	1320
2617	1320
2079	1320
1935	1320
858	1320
300	1320
96	1320
2356	1320
1087	1320
698	1320
1366	1321
1043	1321
610	1321
1337	1321
1080	1321
1107	1321
470	1321
458	1321
770	1321
2299	1321
1026	1321
1940	1321
2186	1321
1282	1321
1200	1321
153	1321
66	1321
161	1321
1279	1321
629	1321
1397	1321
1895	1321
850	1321
841	1321
584	1321
706	1321
133	1321
1109	1321
2316	1321
152	1321
590	1321
295	1321
2216	1321
1983	1321
474	1321
1090	1321
1243	1321
1959	1321
2473	1321
2461	1321
2669	1321
2545	1321
2520	1321
2611	1321
2635	1321
1289	1321
844	1321
2647	1321
2334	1321
1622	1321
1733	1321
1165	1321
186	1321
627	1321
2221	1321
2012	1321
1260	1321
1513	1321
1993	1321
2271	1321
2317	1321
1146	1321
2644	1321
102	1321
520	1321
1228	1321
2241	1321
1220	1321
817	1321
76	1321
2240	1321
1757	1321
1491	1321
225	1321
1851	1321
16	1321
1238	1321
1157	1321
1595	1321
1816	1321
2050	1321
2005	1321
475	1321
1478	1321
110	1321
6	1321
446	1321
2327	1321
733	1321
1021	1321
1640	1321
887	1321
531	1321
313	1321
363	1321
1547	1321
1106	1321
2495	1321
1841	1321
2486	1321
2499	1321
1485	1321
843	1321
145	1321
766	1321
1653	1321
149	1321
1990	1321
2154	1321
2135	1321
940	1321
21	1321
2476	1321
2481	1321
1950	1321
435	1321
62	1321
1161	1321
135	1321
1120	1321
1671	1321
271	1321
2137	1321
252	1321
480	1321
869	1321
2016	1321
907	1321
217	1321
988	1321
2163	1321
1735	1321
1819	1321
1350	1321
573	1321
65	1321
1173	1321
321	1321
1844	1321
2208	1321
1488	1321
2786	1321
2165	1321
1760	1321
523	1322
2240	1322
1988	1323
1761	1323
1680	1324
2232	1324
1698	1324
2100	1326
795	1327
1124	1328
230	1329
2274	1330
822	1330
984	1331
1714	1331
1492	1331
1	1331
2115	1332
2234	1332
2159	1332
1654	1332
623	1332
118	1332
2406	1332
2391	1332
2332	1332
987	1333
714	1334
2637	1335
780	1335
247	1335
2708	1335
342	1335
1172	1335
2288	1337
1957	1338
1432	1338
980	1338
1544	1341
2175	1341
2069	1343
427	1344
2740	1345
826	1346
944	1346
2585	1346
867	1346
2409	1346
1825	1346
2227	1346
1817	1346
2178	1346
2328	1346
2356	1346
1447	1347
233	1348
425	1350
2658	1350
1064	1350
1542	1350
2160	1351
1470	1352
160	1352
2259	1353
2549	1353
2009	1353
435	1353
1716	1353
2523	1353
1744	1354
498	1354
2002	1354
794	1355
341	1356
1046	1357
214	1358
2722	1360
2710	1360
2051	1360
165	1361
1489	1362
428	1363
1261	1364
1089	1365
1766	1365
790	1365
1659	1366
940	1367
1613	1368
1719	1368
1184	1369
1223	1370
1236	1371
1486	1371
2327	1372
323	1372
96	1372
533	1373
1732	1374
1088	1375
807	1376
718	1377
2032	1378
43	1378
350	1378
2154	1379
1165	1380
664	1381
1878	1382
1019	1382
1313	1382
1481	1383
2230	1383
1847	1384
484	1385
2276	1385
2302	1386
969	1388
1650	1388
1983	1388
2450	1388
1914	1388
1549	1388
1911	1388
1491	1388
1997	1388
1792	1388
2092	1388
2751	1388
2639	1388
2050	1388
149	1388
305	1388
1246	1388
715	1388
1120	1388
489	1388
419	1389
821	1389
292	1390
1050	1391
2135	1393
2468	1394
2156	1394
875	1395
286	1396
2586	1396
149	1396
830	1397
1616	1398
1979	1398
2548	1399
1161	1399
1345	1400
267	1401
198	1402
1718	1403
969	1404
228	1404
520	1404
417	1405
1461	1405
2594	1405
2284	1405
1519	1405
1671	1405
2083	1405
2128	1405
1814	1406
32	1407
991	1407
296	1408
417	1408
657	1408
180	1408
183	1410
1103	1411
2370	1413
1441	1413
262	1414
1255	1416
1416	1417
441	1417
290	1419
2516	1419
981	1421
1780	1421
2480	1421
576	1421
1330	1421
2030	1421
966	1421
1345	1421
292	1421
1595	1421
1246	1421
551	1421
62	1421
326	1421
2665	1421
1587	1422
2110	1425
1914	1428
814	1428
1996	1428
40	1430
811	1431
1534	1431
471	1432
2675	1432
599	1433
1221	1433
491	1433
732	1433
819	1435
591	1436
2684	1436
497	1437
975	1437
2655	1437
501	1437
1730	1437
636	1437
1239	1437
905	1437
1008	1437
152	1438
1133	1439
2320	1439
257	1439
1630	1440
442	1441
1060	1441
465	1443
1826	1443
2226	1444
418	1444
970	1445
541	1445
1776	1446
2449	1447
1013	1447
324	1448
1420	1449
2218	1450
1424	1451
912	1452
1412	1453
1371	1454
1066	1455
2105	1456
789	1457
1264	1457
611	1459
2006	1460
1817	1461
1922	1461
548	1462
777	1462
504	1465
2661	1467
2272	1469
223	1469
2325	1469
1962	1470
59	1470
2333	1470
990	1471
106	1473
1392	1474
771	1474
2098	1474
1511	1474
1183	1474
1182	1474
1383	1474
2150	1475
841	1476
1777	1480
1964	1481
486	1482
909	1482
517	1482
1717	1483
462	1484
1756	1485
1971	1486
870	1486
263	1487
274	1487
1324	1487
9	1487
1533	1488
1010	1489
1443	1490
2368	1491
2019	1492
376	1493
282	1494
1608	1495
1834	1496
335	1496
785	1498
224	1498
1588	1499
1468	1499
1285	1500
2262	1500
1954	1501
190	1502
105	1503
24	1503
1611	1504
496	1505
1090	1505
812	1505
764	1505
1212	1505
1235	1506
1267	1506
1612	1506
1224	1506
2149	1506
1548	1506
365	1506
2143	1506
1650	1506
1507	1506
1208	1506
761	1506
565	1506
285	1506
2556	1506
512	1506
358	1506
1316	1506
1843	1506
2121	1506
336	1506
225	1506
553	1506
2109	1506
1268	1506
577	1506
1839	1506
2685	1506
2686	1506
2049	1506
1569	1506
1242	1506
281	1506
305	1506
681	1506
524	1506
135	1506
1457	1506
1319	1506
271	1506
1935	1506
90	1506
2462	1506
721	1507
1785	1507
1201	1507
1484	1507
1397	1507
1144	1507
1169	1507
1994	1507
2132	1507
2640	1507
242	1507
110	1507
1681	1507
1645	1507
1673	1507
906	1507
1347	1507
55	1507
613	1507
252	1507
1173	1507
1020	1508
1151	1508
1330	1508
1911	1508
2179	1508
1092	1508
196	1508
1242	1508
1855	1508
1325	1508
1087	1508
1084	1509
1916	1509
2010	1510
2040	1510
1243	1511
1990	1511
1042	1511
238	1512
2354	1513
2163	1514
2139	1515
2595	1516
2042	1516
2193	1517
449	1518
1009	1519
2583	1520
1275	1520
1119	1520
2618	1521
622	1521
2544	1521
922	1522
2641	1523
1693	1523
289	1524
1810	1525
2325	1526
608	1527
1221	1528
1792	1528
837	1529
1548	1530
262	1530
1461	1530
849	1532
1405	1532
667	1533
1872	1534
93	1534
1835	1535
77	1536
653	1537
408	1537
596	1538
1882	1539
1465	1541
2118	1542
1336	1542
2782	1542
766	1543
1100	1544
2146	1544
754	1544
1107	1545
2372	1545
448	1548
699	1548
174	1548
2166	1548
1000	1548
2590	1548
71	1548
599	1548
1088	1548
989	1548
1556	1548
358	1548
2284	1548
594	1548
494	1548
1979	1548
131	1548
1007	1548
831	1548
941	1548
1682	1548
2237	1548
551	1548
573	1548
1471	1549
1179	1549
1277	1549
91	1549
333	1550
1897	1551
811	1551
923	1551
637	1551
431	1551
784	1551
999	1551
1255	1551
166	1551
1416	1551
307	1551
1803	1551
58	1551
1259	1551
1227	1551
378	1551
2238	1551
398	1551
391	1551
1092	1551
1126	1551
2725	1551
2072	1551
2279	1551
558	1551
1038	1551
779	1551
1578	1551
1252	1551
369	1551
1283	1551
527	1551
737	1551
97	1551
79	1551
313	1551
211	1551
491	1551
1089	1551
2778	1551
2051	1551
542	1551
147	1551
1676	1551
630	1551
1311	1551
1626	1552
2191	1552
1202	1552
1199	1552
777	1552
782	1552
1749	1552
317	1552
56	1552
2215	1552
2324	1553
272	1554
2693	1554
2067	1554
1965	1556
537	1558
2748	1591
1710	1640
415	1641
1618	1642
1534	1642
1789	1642
1874	1642
2289	1642
2254	1642
2364	1642
900	1642
177	1642
1662	1642
2225	1642
1361	1642
1868	1642
163	1642
1047	1642
116	1642
827	1642
902	1642
1298	1642
2212	1642
256	1642
667	1642
1424	1642
1371	1642
1066	1642
2218	1642
2105	1642
1420	1642
1412	1642
912	1642
471	1642
382	1642
1892	1642
710	1642
1975	1642
1742	1642
1999	1642
245	1642
1459	1642
1258	1642
1738	1642
373	1642
2073	1642
77	1642
1115	1642
2113	1642
2179	1642
1074	1642
36	1642
2121	1642
272	1642
2059	1642
1705	1642
840	1642
265	1642
494	1642
449	1642
928	1642
982	1642
2587	1642
2466	1642
2487	1642
2643	1642
2559	1642
2584	1642
2537	1642
562	1642
1607	1642
2649	1642
2447	1642
173	1642
651	1642
654	1642
1489	1642
2620	1642
2028	1642
97	1642
1810	1642
1119	1642
922	1642
2354	1642
2042	1642
2193	1642
1693	1642
622	1642
500	1642
29	1642
937	1642
1152	1642
1295	1642
2195	1642
2465	1642
2318	1642
968	1642
760	1642
3	1642
344	1642
2573	1642
343	1642
1576	1642
1583	1642
1677	1642
2553	1642
472	1642
2063	1642
1665	1642
732	1642
53	1642
323	1642
1178	1642
134	1642
1627	1642
413	1642
428	1642
2262	1642
352	1642
23	1642
354	1642
120	1642
2672	1642
2477	1642
1261	1642
99	1642
2509	1642
2535	1642
716	1643
239	1644
235	1645
862	1645
1055	1646
733	1646
652	1647
1601	1647
2117	1647
1211	1647
171	1647
1207	1647
588	1647
147	1647
1676	1647
1235	1648
345	1648
279	1648
1491	1648
115	1648
18	1648
1572	1648
1764	1648
319	1648
1831	1648
1344	1650
824	1651
2243	1651
748	1651
41	1651
1393	1651
1680	1652
2232	1653
1127	1653
1414	1655
1190	1655
1191	1656
2090	1658
1836	1658
755	1659
873	1660
359	1661
1448	1662
2760	1663
83	1663
2305	1663
767	1664
277	1664
1937	1665
722	1665
787	1665
888	1665
438	1665
1216	1665
194	1665
371	1665
1900	1665
2261	1665
736	1665
742	1665
1339	1665
1567	1665
911	1665
2196	1665
2502	1665
1756	1665
2019	1665
263	1665
2368	1665
1834	1665
1122	1665
1603	1665
1777	1665
543	1665
704	1665
1367	1665
2037	1665
2263	1665
1237	1665
2418	1665
1620	1665
1887	1665
509	1665
967	1665
2061	1665
1031	1665
2020	1665
1688	1665
1689	1665
1703	1665
1129	1665
1971	1665
462	1665
274	1665
486	1665
1533	1665
909	1665
1324	1665
1010	1665
863	1665
1193	1665
954	1665
1890	1665
229	1665
1954	1665
105	1665
2185	1665
1683	1665
8	1665
1666	1665
806	1665
823	1665
2058	1665
1744	1665
2175	1665
2069	1665
1957	1665
1630	1665
1936	1665
1015	1665
198	1665
441	1665
86	1665
960	1665
526	1665
949	1665
921	1665
813	1665
2141	1665
705	1665
2306	1665
1717	1665
2689	1665
2688	1665
2687	1665
2213	1665
913	1665
2566	1665
2416	1665
2401	1665
165	1665
190	1665
651	1665
1723	1665
545	1665
1192	1665
2469	1665
1035	1665
405	1665
536	1665
107	1665
1646	1665
453	1665
2088	1665
2199	1665
277	1665
1446	1665
810	1665
1641	1665
299	1665
218	1665
1751	1665
1327	1665
2511	1665
2557	1665
1054	1665
2321	1665
83	1665
353	1665
919	1665
1493	1665
1384	1665
2503	1665
483	1665
2081	1665
204	1665
860	1665
92	1665
1797	1665
701	1665
1125	1665
946	1665
492	1665
98	1665
1262	1665
1369	1665
1470	1665
1566	1665
72	1665
2021	1665
1669	1665
188	1665
1663	1665
278	1665
1354	1665
1145	1665
172	1665
2505	1665
2521	1665
1028	1665
586	1665
1500	1665
2464	1665
2456	1665
2551	1665
2128	1665
1219	1665
769	1665
2670	1665
2625	1665
1303	1665
2268	1665
617	1665
385	1665
2147	1665
1487	1665
246	1665
1057	1665
1441	1665
991	1665
517	1665
1982	1665
1929	1665
1864	1665
1615	1665
123	1665
1256	1665
1804	1665
2605	1665
2457	1665
2593	1665
2036	1665
2490	1665
9	1665
2277	1665
1495	1665
1024	1665
2530	1665
1294	1665
2555	1665
2169	1665
2592	1665
1631	1665
2156	1665
1417	1665
1091	1665
1387	1665
2309	1665
1724	1665
1475	1665
1305	1665
7	1665
838	1665
870	1665
644	1665
1348	1665
233	1665
885	1665
10	1665
2322	1665
935	1665
2575	1665
1752	1665
2538	1665
381	1665
955	1665
2134	1665
400	1666
1166	1666
2053	1666
128	1666
396	1666
2750	1666
1435	1666
1509	1666
2202	1666
2008	1666
1812	1666
979	1666
2264	1666
1032	1666
502	1666
455	1666
648	1666
1951	1666
1379	1666
260	1666
2104	1666
2313	1666
1966	1666
790	1666
2083	1666
1696	1666
1877	1666
2452	1666
1523	1666
381	1666
2341	1667
1948	1667
2463	1667
1374	1667
2482	1668
353	1668
48	1669
986	1671
2563	1673
813	1673
2771	1674
1930	1674
2528	1675
179	1676
1169	1676
2691	1676
2721	1676
406	1676
1627	1676
2654	1677
919	1677
286	1678
1184	1678
183	1678
579	1678
1153	1678
2289	1678
624	1678
1368	1678
2492	1678
981	1678
1859	1678
2032	1678
1571	1678
309	1678
1909	1678
718	1678
533	1678
576	1678
1515	1678
14	1678
1236	1678
1616	1678
1177	1678
2260	1678
180	1678
661	1678
2441	1678
1606	1678
261	1678
2424	1678
2517	1678
2500	1678
2498	1678
2276	1678
290	1678
1587	1678
2392	1678
1879	1678
2151	1678
2017	1678
2541	1678
2460	1678
144	1678
880	1678
92	1678
377	1678
2435	1678
2433	1678
2423	1678
2421	1678
2430	1678
2437	1678
2428	1678
460	1678
782	1678
1624	1678
715	1678
69	1678
2426	1678
2443	1678
2425	1678
1629	1678
2439	1678
2431	1678
647	1678
1821	1678
350	1678
1353	1678
1313	1678
2442	1678
731	1678
12	1678
2438	1678
432	1678
2434	1678
2427	1678
2436	1678
2440	1678
1497	1678
2110	1678
998	1678
1294	1678
1439	1678
2515	1678
2429	1678
2422	1678
2432	1678
628	1680
864	1681
301	1681
1649	1681
549	1681
227	1681
2199	1682
2349	1682
731	1682
12	1682
463	1682
2305	1682
997	1682
2313	1683
1099	1684
808	1685
261	1687
1483	1688
241	1689
349	1689
2015	1689
2011	1689
1401	1689
1135	1689
1140	1689
1164	1691
237	1691
2014	1691
874	1691
2420	1691
1478	1692
1375	1692
891	1692
443	1692
1617	1692
1790	1692
1123	1694
299	1697
2178	1697
2002	1697
218	1698
1196	1698
2222	1698
687	1699
1767	1699
154	1699
791	1699
1977	1699
769	1699
1696	1699
569	1699
595	1699
1829	1699
216	1700
1051	1700
1691	1700
1068	1700
1241	1700
2358	1700
806	1700
529	1700
2065	1700
625	1700
316	1700
455	1700
2172	1700
393	1700
192	1700
2281	1700
315	1700
554	1700
200	1701
388	1701
1369	1701
2501	1701
1597	1701
2627	1701
1320	1702
1729	1702
571	1702
64	1702
236	1702
1736	1702
1121	1702
1343	1702
929	1702
1832	1702
1643	1702
2068	1702
1636	1702
1232	1702
1655	1702
2296	1702
1958	1702
1284	1702
2200	1702
2029	1702
70	1702
798	1702
481	1702
572	1702
1163	1702
1823	1702
2120	1702
1181	1702
2728	1702
1750	1702
157	1702
493	1702
1297	1702
759	1702
614	1702
666	1702
1342	1702
1747	1702
2223	1702
2142	1702
606	1702
1138	1702
1915	1702
865	1702
1784	1702
2203	1702
1506	1702
30	1702
1225	1702
334	1702
89	1702
1751	1702
2245	1702
604	1702
1721	1702
1079	1702
2650	1702
2582	1702
2181	1702
2619	1702
1894	1702
1023	1702
1928	1702
1820	1702
727	1702
851	1702
264	1702
2361	1702
2610	1702
2561	1702
39	1702
774	1702
2558	1702
15	1702
1112	1702
206	1702
583	1702
2285	1702
2467	1702
1356	1702
1637	1702
816	1702
1251	1702
1586	1702
746	1702
788	1702
2518	1702
1396	1702
1017	1702
720	1703
521	1703
1487	1703
2472	1704
1327	1705
383	1706
72	1706
2642	1706
1566	1707
2648	1707
2021	1708
1054	1709
1125	1710
1262	1710
460	1712
1726	1713
132	1714
793	1714
140	1715
739	1715
620	1716
1956	1716
924	1718
897	1721
899	1723
432	1724
707	1725
270	1726
690	1727
1850	1728
2331	1729
658	1731
1675	1732
2152	1732
268	1732
2280	1733
1704	1733
1535	1733
723	1733
2291	1735
1662	1738
1975	1738
842	1740
1796	1740
607	1740
1948	1741
1944	1741
977	1742
2581	1744
2663	1744
2122	1744
1563	1744
2074	1747
1653	1747
601	1747
1864	1747
1162	1748
1824	1753
957	1754
2582	1761
2285	1762
1700	1780
1407	1782
1017	1785
493	1794
254	1796
2038	1799
1665	1805
512	1806
1702	1807
334	1813
1894	1820
304	1828
1379	1851
1333	1853
130	1855
1523	1857
1079	1860
583	1861
2378	1870
206	1887
2621	1888
648	1893
254	1905
479	1911
478	1911
3	1916
513	1927
2761	1932
2598	1939
1299	1939
222	1939
1407	1939
1333	1939
1355	1939
2038	1939
1700	1939
1597	1939
2078	1944
1355	1953
1299	1954
2287	1962
222	1966
1701	1967
1706	1969
1880	1969
1403	1969
331	1969
1141	1969
1786	1969
1014	1969
1023	1970
15	1972
1783	1975
1356	1978
2104	1980
2746	1982
1378	1982
1033	1982
217	1982
833	1995
1855	1996
2264	1998
260	2004
562	2010
2041	2016
480	2020
569	2023
2518	2030
1396	2037
1482	2051
1839	2051
2237	2051
1727	2051
928	2054
1156	2057
288	2060
2454	2060
1951	2063
674	2065
1505	2080
2736	2081
2694	2081
1329	2198
2225	2218
529	2219
308	2219
726	2220
1899	2223
1731	2229
654	2230
2198	2232
2155	2232
726	2232
1459	2233
1502	2237
249	2239
128	2240
1692	2247
2185	2254
740	2255
673	2256
774	2256
2065	2279
1007	2293
1472	2297
289	2297
187	2297
1505	2304
1699	2304
2591	2308
2681	2308
2569	2308
472	2308
1793	2309
534	2326
2281	2326
1857	2327
1309	2328
192	2328
734	2329
2508	2329
23	2329
1631	2329
2371	2330
2733	2330
29	2330
554	2330
2172	2331
1241	2341
730	2341
2358	2349
2729	2438
580	2438
393	2438
264	2449
1545	2451
1028	2451
2081	2452
2268	2453
1057	2454
1759	2454
1500	2455
586	2456
796	2459
316	2459
420	2462
1793	2464
352	2464
1692	2469
2759	2469
546	2469
308	2469
1018	2469
1382	2469
282	2469
1425	2469
1410	2469
724	2510
881	2511
1281	2530
2209	2530
361	2534
835	2534
1457	2565
2779	2565
422	2565
2785	2566
257	2566
226	2566
1749	2566
2484	2566
1806	2566
2788	2566
35	2566
2338	2571
2784	2571
2783	2571
1178	2657
2687	2663
1712	2686
1562	2713
552	2713
2517	2716
1374	2716
1219	2717
1752	2717
1187	2727
630	2729
2598	2730
2515	2732
2576	2735
2332	2740
2532	2741
2500	2741
389	2743
2379	2744
2481	2754
2476	2755
2499	2756
2486	2757
57	2766
2523	2769
2548	2771
2546	2773
2465	2775
2572	2775
2522	2776
2497	2777
2616	2778
2672	2778
2638	2779
1311	2784
2479	2794
2446	2799
147	2800
2533	2803
2408	2807
2667	2809
2084	2812
2462	2853
1250	2860
1676	2870
542	2888
348	2889
404	2891
2145	2900
1175	2901
2657	2905
2527	2905
1978	2906
175	2915
2716	2919
2755	2919
1479	2919
1376	2919
2567	2919
508	2919
2344	2925
982	2943
2414	2947
1677	2967
2769	2983
2699	2984
2688	2984
2767	2984
1475	3007
60	3064
94	3064
772	3065
454	3074
2723	3074
2319	3143
901	3149
681	3149
2613	3149
901	3163
1706	3167
2715	3167
741	3185
1278	3186
931	3189
2698	3195
835	3198
2695	3204
2752	3204
2714	3204
2734	3210
791	3228
1904	3230
1620	3252
1394	3253
1887	3255
2391	3259
788	3278
154	3291
1636	3306
623	3343
1714	3343
2011	3343
525	3343
1417	3343
2001	3345
237	3347
549	3347
891	3347
1123	3347
1117	3349
1583	3349
1863	3349
2739	3359
2730	3374
887	3385
1450	3396
1799	3396
2754	3396
531	3396
2252	3396
2764	3401
1403	3401
1816	3408
708	3412
157	3412
331	3412
1380	3418
1963	3425
113	3443
2273	3443
239	3443
118	3443
2015	3443
864	3443
74	3443
1164	3443
2329	3457
958	3524
1682	3532
1633	3538
1687	3581
518	3583
440	3583
1070	3585
2245	3592
546	3598
2270	3604
229	3604
604	3604
1323	3604
45	3604
1928	3612
2310	3616
1453	3616
1709	3617
679	3618
1798	3618
1300	3619
1875	3619
2181	3648
1867	3652
2272	3652
223	3657
803	3694
2713	3720
673	3727
187	3734
1476	3743
424	3748
1106	3749
697	3757
346	3757
2037	3757
1932	3757
1710	3757
2022	3757
1694	3757
1360	3757
763	3757
2033	3757
452	3757
1795	3757
653	3757
1854	3757
173	3757
1062	3757
1286	3757
589	3757
1579	3757
1596	3757
1686	3757
559	3757
1927	3757
112	3757
951	3757
1808	3757
259	3757
20	3757
456	3757
1881	3757
1882	3757
2362	3761
721	3761
1768	3761
660	3761
1657	3761
1205	3761
2054	3761
46	3761
1408	3761
2228	3761
88	3761
1919	3761
85	3761
51	3761
587	3761
243	3761
1218	3761
781	3761
1667	3761
95	3761
776	3761
1433	3761
1973	3761
2320	3761
111	3761
1501	3761
2122	3761
91	3761
1673	3761
61	3761
467	3761
1326	3761
2009	3761
2067	3761
1213	3761
1033	3761
1713	3761
1096	3761
283	3761
1763	3761
391	3768
2510	3770
162	3770
73	3770
2623	3770
1216	3778
1907	3778
1972	3778
2056	3778
640	3778
1769	3778
2103	3778
84	3778
1266	3778
914	3778
1518	3778
1697	3778
1732	3778
484	3778
2446	3778
1563	3778
1142	3778
1296	3778
1989	3779
829	3779
1802	3779
638	3779
856	3779
1464	3779
925	3779
2183	3779
141	3779
1778	3779
1020	3779
1481	3779
1189	3779
652	3779
540	3779
1490	3779
682	3779
1063	3779
842	3779
1055	3779
943	3779
1678	3779
13	3779
1133	3779
501	3779
1471	3779
1016	3779
2146	3779
1351	3779
1202	3779
419	3779
1319	3779
2369	3779
1155	3779
588	3779
792	3779
1167	3779
1008	3779
424	3779
2057	3779
908	3796
788	3799
1049	3800
942	3800
1037	3800
232	3800
927	3800
347	3800
1302	3800
1358	3800
170	3800
582	3801
406	3830
2322	3830
616	3831
885	3831
1452	3838
10	3838
1348	3839
2384	3845
2380	3845
2383	3845
2379	3876
2385	3881
2386	3882
2382	3887
120	3891
1152	3901
1489	3903
1632	3916
1497	3920
250	3923
792	3924
1779	3924
1497	3927
1419	3929
968	3931
765	3932
2063	3932
321	3932
1844	3932
99	3932
696	3935
998	3935
151	3937
351	3951
983	3954
1022	3956
1521	3956
173	3973
2079	3977
1746	3977
1609	3977
519	3977
1695	3977
1085	3977
2096	3977
1413	3995
1607	4024
1953	4032
1898	4040
1917	4053
500	4063
1880	4063
1147	4063
175	4063
1429	4063
1018	4063
1472	4063
671	4063
749	4063
1699	4063
224	4063
1468	4063
866	4065
2126	4065
2071	4065
2092	4069
2763	4069
937	4069
1150	4069
881	4069
1350	4069
420	4069
1109	4074
2187	4074
2757	4079
561	4079
674	4080
1146	4082
2692	4082
354	4086
2283	4099
686	4101
2000	4120
2359	4124
1907	4154
1830	4194
1750	4225
1331	4261
2130	4263
2025	4264
1512	4264
2243	4274
1427	4275
2297	4275
772	4275
2080	4275
709	4275
763	4276
858	4279
2162	4281
2300	4281
2777	4322
2340	4322
2738	4325
2720	4325
2352	4325
1554	4330
1992	4330
2383	4362
2374	4363
2397	4364
2388	4364
1493	4364
1001	4364
647	4376
1641	4392
384	4393
609	4393
2458	4397
2321	4404
2405	4503
2413	4505
2411	4560
2387	4580
2419	4609
2399	4610
2415	4628
2402	4638
2390	4670
311	4775
61	4821
2597	4840
2689	4848
2706	4848
2741	4848
